50.723	78.854	72.787
26.755	32.845	2.137
8.336	47.374	5.059
82.691	73.985	24.561
56.265	84.584	39.395
63.709	84.225	56.076
76.967	86.206	38.503
22.962	46.842	85.075
24.533	47.122	82.002
41.013	30.914	84.309
24.058	70.028	20.888
69.23	81.267	4.227
30.554	67.92	11.572
69.172	40.871	19.776
5.177	47.886	2.942
50.517	66.555	10.781
25.994	53.355	79.549
87.682	30.094	39.368
89.572	86.604	55.727
26.887	38.609	82.936
19.578	55.766	16.043
73.723	89.67	44.221
86.512	85.124	50.893
23.487	73.17	85.767
9.833	87.672	19.96
49.226	41.577	25.401
12.58	63.002	16.225
69.496	4.103	52.159
83.996	35.165	8.984
41.881	83.201	31.99
31.26	30.86	70.045
16.823	52.087	3.848
65.964	62.486	26.113
40.623	72.535	29.914
49.673	32.178	69.189
81.744	40.241	78.036
77.777	47.718	33.938
75.239	78.929	41.096
59.789	35.657	61.83
79.857	87.29	37.833
79.656	89.239	45.85
76.355	84.752	26.662
79.164	82.891	51.948
9.677	50.899	3.692
70.106	77.726	42.796
30.793	39.099	6.218
73.962	20.354	68.386
0.39	49.51	86.536
6.51	48.013	86.943
2.063	60.354	86.46
66.458	78.003	42.669
14.198	25.553	4.312
69.535	84.643	37.789
57.54	85.863	72.471
20.051	33.812	22.676
13.604	70.711	13.824
18.37	79.557	11.014
88.357	64.064	21.891
8.732	53.144	67.711
73.221	38.013	24.401
39.129	43.529	74.943
85.652	16.504	8.141
57.99	21.963	62.377
7.312	31.307	77.492
16.834	51.725	9.174
55.788	72.794	17.392
24.857	29.046	85.537
16.867	60.573	17.403
29.752	35.183	84.699
58.111	80.039	10.591
12.967	62.271	13.651
68.579	40.098	75.042
19.04	35.881	3.192
71.74	27.244	64.107
17.743	51.515	83.974
10.899	60.918	5.752
24.528	59.304	75.943
60.136	71.46	23.418
16.054	66.06	28.021
64.42	86.699	32.993
76.442	83.272	34.66
13.569	84.766	7.21
26.165	78.938	87.517
85.567	89.711	45.444
81.024	89.178	41.747
85.754	89.586	62.086
37.591	75.971	13.829
56.035	49.144	9.74
3.197	88.956	54.178
35.012	75.932	3.087
71.048	28.749	43.43
43.197	81.815	28.291
55.919	34.973	56.186
22.682	36.291	2.197
24.676	46.017	82.661
18.383	55.195	82.309
84.227	10.319	42.271
81.68	82.267	6.782
5.169	42.782	8.531
35.078	73.079	47.078
68.59	51.6	9.517
14.574	18.21	75.69
23.034	60.045	12.077
45.809	19.213	55.332
53.667	33.37	70.098
58.696	50.112	27.016
88.434	25.524	6.683
15.326	49.208	12.184
39.615	76.079	61.286
18.9	51.785	89.629
0.387	76.004	76.467
24.745	43.785	64.39
64.124	83.363	41.458
23.001	38.709	82.123
6.419	53.621	85.119
28.925	44.275	1.675
46.144	82.232	20.768
86.427	63.419	74.962
10.849	33.55	79.491
1.269	52.2	73.858
41.626	35.803	74.583
1.093	88.451	83.466
21.443	48.933	7.551
32.1	37.211	78.025
79.406	79.808	22.295
67.161	83.55	40.467
63.533	75.692	33.732
87.709	69.17	81.367
51.536	41.254	51.492
2.019	45.898	87.668
64.31	74.069	42.378
70.457	47.377	76.539
77.994	86.413	46.512
15.357	78.796	2.763
36.588	39.541	62.868
68.733	83.226	53.359
14.881	47.234	6.337
7.586	61.502	10.674
77.681	87.101	28.373
77.898	83.198	41.085
54.606	34.103	59.669
76.409	83.886	27.722
26.758	42.462	0.827
14.81	53.183	2.063
62.533	84.257	34.586
34.435	73.799	69.908
83.988	86.45	55.299
78.247	88.19	44.265
63.723	81.355	16.985
80.159	18.548	18.381
89.569	85.047	58.872
9.984	55.101	2.304
11.371	30.778	0.596
20.564	45.029	78.574
19.795	78.285	19.46
61.415	30.531	38.234
68.917	81.907	38.83
25.382	69.115	86.185
5.26	61.452	11.687
31.968	45.561	86.91
22.157	49.238	1.901
49.044	46.375	73.561
61.693	58.051	28.422
14.813	48.863	7.306
40.425	28.006	67.851
2.631	64.264	4.793
17.433	47.824	4.535
35.55	40.999	80.568
7.323	57.967	7.312
21.517	45.106	84.391
50.042	81.584	32.018
70.144	22.853	27.387
37.168	78.535	61.229
66.804	28.273	48.558
37.981	88.337	79.31
48.789	45.898	86.319
65.222	88.608	47.819
75.915	81.928	24.731
31.276	42.993	80.793
1.055	56.687	11.907
26.5	52.216	6.677
30.197	60.835	11.396
87.078	36.465	26.217
41.01	27.022	62.168
36.102	40.406	77.049
1.923	34.346	3.01
75.86	66.028	27.395
2.17	46.395	89.316
38.799	48.668	82.727
89.459	29.028	49.857
22.778	35.165	74.08
19.856	82.166	21.377
32.309	29.62	67.549
0.942	62.589	7.976
75.094	42.059	86.193
84.507	83.075	44.268
9.465	36.752	6.131
52.827	79.127	50.923
0.629	75.704	30.084
50.55	57.835	25.747
80.584	72.662	60.569
34.995	87.287	26.308
13.879	46.187	84.13
79.642	83.951	23.484
1.239	47.881	74.399
32.166	68.838	70.845
76.843	71.828	21.545
25.036	52.289	16.711
63.852	79.833	51.61
8.02	73.258	24.679
85.718	43.402	34.679
80.623	87.609	38.497
79.826	86.735	56.595
79.802	81.345	28.274
62.061	11.745	21.408
83.685	86.262	17.757
18.142	35.225	2.565
61.976	80.316	48.174
2.612	66.869	25.39
73.259	33.844	23.141
81.345	79.106	30.507
14.577	67.979	23.141
22.232	38.42	76.275
32.647	13.72	66.483
18.029	50.083	3.977
4.065	50.844	72.597
29.461	28.723	75.517
28.17	88.449	49.487
78.214	48.133	17.087
61.8	84.642	46.748
77.637	84.61	32.765
23.473	43.231	87.704
43.186	23.514	45.007
53.975	78.187	9.226
67.164	78.024	39.678
76.283	81.453	38.961
73.995	77.24	9.149
16.738	52.536	3.76
3.969	63.127	78.428
25.203	82.518	50.541
80.431	86.39	8.894
80.244	27.552	65.552
3.488	45.009	19.779
68.54	13.248	40.181
36.253	46.667	63.231
22.262	56.084	3.345
48.13	28.317	86.902
89.978	85.368	21.984
84.595	18.238	49.437
63.283	87.233	43.872
0.316	80.449	86.482
47.594	30.352	60.517
8.559	70.781	11.346
11.22	51.883	83.191
75.602	85.456	48.836
14.203	52.408	77.637
20.751	81.375	14.365
8.924	52.988	82.743
84.435	80.557	23.369
56.669	82.214	33.457
0.294	43.767	15.549
66.546	67.714	21.781
18.07	44.523	81.647
7.779	38.757	17.238
0.324	66.808	76.561
88.844	43.83	15.499
27.533	88.263	54.524
5.812	30.279	80.931
20.1	38.93	79.293
47.421	25.411	57.529
69.837	15.003	39.214
87.061	37.58	68.381
8.668	39.315	82.51
10.363	50.894	0.277
43.422	62.111	19.309
18.219	53.801	15.447
61.393	83.247	0.423
20.71	47.329	84.284
82.543	52.379	37.204
6.109	51.75	86.723
23.995	52.879	15.917
62.83	89.334	38.385
10.948	83.39	21.74
12.687	50.13	87.371
5.26	37.574	11.058
23.646	50.324	0.001
5.205	48.374	8.762
67.183	20.168	76.931
36.174	47.315	82.826
19.485	45.377	0.093
8.918	55.59	78.969
49.682	31.01	87.61
12.618	52.465	11.649
39.684	56.971	87.503
20.688	43.503	86.232
73.319	89.967	41.189
9.344	51.707	83.117
9.937	69.668	19.99
39.747	55.029	5.493
53.824	85.907	42.7
50.786	34.982	72.388
18.048	43.812	11.108
63.767	87.308	33.196
74.143	88.704	43.474
86.355	89.904	83.235
67.255	74.978	34.855
18.762	41.682	88.943
0.981	46.126	86.943
42.035	43.341	6.262
67.23	69.711	35.251
17.309	53.445	17.411
19.82	51.081	8.66
63.654	68.962	26.731
0.939	78.683	87.179
30.051	84.41	77.703
23.674	26.693	73.355
82.136	85.528	43.598
35.383	52.359	80.56
56.48	89.196	45.905
12.646	84.167	87.407
83.243	84.712	41.115
40.115	71.037	15.785
0.379	42.962	1.838
8.99	52.639	11.877
51.245	40.422	65.151
1.736	82.491	5.356
83.853	83.071	47.83
37.187	42.275	73.309
17.255	40.304	1.535
70.864	88.615	42.098
10.652	35.588	10.599
12.195	44.863	6.699
15.033	33.938	80.442
61.237	64.863	20.004
11.525	37.737	82.524
70.853	46.177	81.598
9.965	69.702	0.525
61.696	79.739	48.317
14.851	48.432	4.09
72.366	84.174	29.886
66.23	39.21	85.224
3.497	49.708	78.98
15.151	28.46	88.863
2.648	5.521	16.095
81.763	43.044	11.717
27.233	38.446	0.997
0.025	36.845	80.049
85.372	82.006	27.371
11.168	80.314	1.958
5.164	83.647	74.289
0.722	46.864	82.543
11.275	40.546	88.289
62.094	77.246	31.378
61.545	38.045	60.061
62.879	54.881	21.677
13.593	46.354	1.697
26.541	51.227	6.894
23.783	74.158	11.525
43.307	28.901	76.701
12.681	10.191	8.993
79.848	85.652	68.362
85.559	74.052	57.713
73.756	27.351	42.573
12.731	54.382	9.16
68.458	89.78	47.298
52.574	50.297	82.57
51.761	42.808	4.408
13.873	40.13	0.835
50.758	87.334	55.944
48.435	17.934	51.585
6.691	72.262	19.751
84.048	74.167	71.306
16.587	39.334	13.288
76.143	87.758	44.345
67.219	80.878	33.817
6.834	37.312	5.743
20.059	56.366	9.918
4.285	88.618	80.06
62.929	41.426	8.553
60.674	47.881	16.392
27.401	37.769	87.674
71.765	83.472	39.623
86.116	82.955	37.978
64.599	88.487	50.341
68.34	14.383	25.006
69.919	55.475	7.938
67.969	80.282	51.214
54.51	40.648	38.717
20.732	49.047	13.343
72.8	89.704	37.92
33.292	77.484	37.022
17.903	52.26	89.824
57.062	87.707	7.301
58.987	71.896	14.615
1.588	60.136	89.294
75.55	52.481	47.451
49.912	35.21	59.163
49.072	55.745	81.09
77.882	74.644	76.632
5.414	4.2	88.237
15.326	39.891	89.698
2.112	43.726	18.414
3.642	44.16	86.072
18.117	33.351	7.597
32.759	25.626	69.046
5.298	42.423	83.501
26.467	55.541	15.576
21.817	47.488	78.585
39.132	50.153	0.717
42.268	57.479	12.519
78.851	47.933	76.767
12.206	78.749	12.764
57.334	33.322	56.362
76.091	69.304	38.593
30.081	42.327	63.918
71.542	40.994	11.14
73.267	87.807	35.707
88.978	81.002	84.358
0.832	51.092	76.278
83.131	85.616	43.403
68.724	88.395	60.872
4.029	52.498	16.422
29.87	85.845	78.579
65.541	83.854	43.672
23.759	16.754	57.463
81.06	85.17	78.582
25.451	37.614	82.537
39.008	10.963	54.48
68.763	13.271	50.176
3.961	51.455	87.003
29.021	67.894	23.55
70.927	77.91	25.684
9.572	78.082	29.952
16.005	78.057	37.929
14.11	60.289	14.744
40.417	78.053	26.316
2.178	64.426	78.093
28.346	84.987	33.262
29.917	54.637	85.839
47.611	62.248	2.612
16.683	56.244	11.044
37.478	40.541	84.647
3.002	88.755	35.572
28.101	39.896	73.899
77.821	87.502	50.399
85.32	89.468	54.351
6.477	33.935	78.497
75.429	77.552	29.507
29.307	86.928	21.232
35.075	65.406	12.591
50.577	52.368	80.65
84.037	40.506	81.499
50.638	58.874	75.992
79.673	84.107	45.413
33.424	63.264	11.368
36.229	39.826	88.912
50.778	74.267	14.788
73.515	88.73	29.183
34.553	39.168	10.575
3.991	43.126	5.881
88.011	63.965	38.412
57.891	79.509	36.665
70.155	74.588	45.108
26.08	25.041	77.964
58.869	82.842	37.811
33.77	47.678	81.65
17.381	38.344	0.648
7.718	49.434	5.625
19.353	47.313	75.992
23.058	48.631	15.131
87.698	75.291	71.161
86.435	51.328	4.746
25.843	35.128	61.047
54.656	86.585	31.054
23.943	86.742	73.734
36.5	76.272	27.45
28.692	78.244	15.107
84.853	84.25	6.109
31.213	35.235	70.603
81.153	40.9	40.079
16.568	47.243	81.944
0.901	51.401	74.402
23.259	53.608	6.927
9.438	41.587	87.382
0.497	76.77	88.682
75.984	85.44	16.425
64.272	79.011	69.21
34.031	42.338	79.244
18.018	88.08	40.313
40.763	41.328	70.685
79.178	81.87	37.728
20.872	39.727	88.715
22.097	53.747	8.064
24.182	53.109	12.599
44.938	32.096	51.093
41.17	41.286	58.312
14.299	69.119	12.646
25.275	47.77	77.549
13.129	17.257	65.415
84.067	88.456	47.619
230.723	78.854	72.787
206.755	32.845	2.137
188.336	47.374	5.059
262.691	73.985	24.561
236.265	84.584	39.395
243.709	84.225	56.076
256.967	86.206	38.503
202.962	46.842	85.075
204.533	47.122	82.002
221.013	30.914	84.309
204.058	70.028	20.888
249.23	81.267	4.227
210.554	67.92	11.572
249.172	40.871	19.776
185.177	47.886	2.942
230.517	66.555	10.781
205.994	53.355	79.549
267.682	30.094	39.368
269.572	86.604	55.727
206.887	38.609	82.936
199.578	55.766	16.043
253.723	89.67	44.221
266.512	85.124	50.893
203.487	73.17	85.767
189.833	87.672	19.96
229.226	41.577	25.401
192.58	63.002	16.225
249.496	4.103	52.159
263.996	35.165	8.984
221.881	83.201	31.99
211.26	30.86	70.045
196.823	52.087	3.848
245.964	62.486	26.113
220.623	72.535	29.914
229.673	32.178	69.189
261.744	40.241	78.036
257.777	47.718	33.938
255.239	78.929	41.096
239.789	35.657	61.83
259.857	87.29	37.833
259.656	89.239	45.85
256.355	84.752	26.662
259.164	82.891	51.948
189.677	50.899	3.692
250.106	77.726	42.796
210.793	39.099	6.218
253.962	20.354	68.386
180.39	49.51	86.536
186.51	48.013	86.943
182.063	60.354	86.46
246.458	78.003	42.669
194.198	25.553	4.312
249.535	84.643	37.789
237.54	85.863	72.471
200.051	33.812	22.676
193.604	70.711	13.824
198.37	79.557	11.014
268.357	64.064	21.891
188.732	53.144	67.711
253.221	38.013	24.401
219.129	43.529	74.943
265.652	16.504	8.141
237.99	21.963	62.377
187.312	31.307	77.492
196.834	51.725	9.174
235.788	72.794	17.392
204.857	29.046	85.537
196.867	60.573	17.403
209.752	35.183	84.699
238.111	80.039	10.591
192.967	62.271	13.651
248.579	40.098	75.042
199.04	35.881	3.192
251.74	27.244	64.107
197.743	51.515	83.974
190.899	60.918	5.752
204.528	59.304	75.943
240.136	71.46	23.418
196.054	66.06	28.021
244.42	86.699	32.993
256.442	83.272	34.66
193.569	84.766	7.21
206.165	78.938	87.517
265.567	89.711	45.444
261.024	89.178	41.747
265.754	89.586	62.086
217.591	75.971	13.829
236.035	49.144	9.74
183.197	88.956	54.178
215.012	75.932	3.087
251.048	28.749	43.43
223.197	81.815	28.291
235.919	34.973	56.186
202.682	36.291	2.197
204.676	46.017	82.661
198.383	55.195	82.309
264.227	10.319	42.271
261.68	82.267	6.782
185.169	42.782	8.531
215.078	73.079	47.078
248.59	51.6	9.517
194.574	18.21	75.69
203.034	60.045	12.077
225.809	19.213	55.332
233.667	33.37	70.098
238.696	50.112	27.016
268.434	25.524	6.683
195.326	49.208	12.184
219.615	76.079	61.286
198.9	51.785	89.629
180.387	76.004	76.467
204.745	43.785	64.39
244.124	83.363	41.458
203.001	38.709	82.123
186.419	53.621	85.119
208.925	44.275	1.675
226.144	82.232	20.768
266.427	63.419	74.962
190.849	33.55	79.491
181.269	52.2	73.858
221.626	35.803	74.583
181.093	88.451	83.466
201.443	48.933	7.551
212.1	37.211	78.025
259.406	79.808	22.295
247.161	83.55	40.467
243.533	75.692	33.732
267.709	69.17	81.367
231.536	41.254	51.492
182.019	45.898	87.668
244.31	74.069	42.378
250.457	47.377	76.539
257.994	86.413	46.512
195.357	78.796	2.763
216.588	39.541	62.868
248.733	83.226	53.359
194.881	47.234	6.337
187.586	61.502	10.674
257.681	87.101	28.373
257.898	83.198	41.085
234.606	34.103	59.669
256.409	83.886	27.722
206.758	42.462	0.827
194.81	53.183	2.063
242.533	84.257	34.586
214.435	73.799	69.908
263.988	86.45	55.299
258.247	88.19	44.265
243.723	81.355	16.985
260.159	18.548	18.381
269.569	85.047	58.872
189.984	55.101	2.304
191.371	30.778	0.596
200.564	45.029	78.574
199.795	78.285	19.46
241.415	30.531	38.234
248.917	81.907	38.83
205.382	69.115	86.185
185.26	61.452	11.687
211.968	45.561	86.91
202.157	49.238	1.901
229.044	46.375	73.561
241.693	58.051	28.422
194.813	48.863	7.306
220.425	28.006	67.851
182.631	64.264	4.793
197.433	47.824	4.535
215.55	40.999	80.568
187.323	57.967	7.312
201.517	45.106	84.391
230.042	81.584	32.018
250.144	22.853	27.387
217.168	78.535	61.229
246.804	28.273	48.558
217.981	88.337	79.31
228.789	45.898	86.319
245.222	88.608	47.819
255.915	81.928	24.731
211.276	42.993	80.793
181.055	56.687	11.907
206.5	52.216	6.677
210.197	60.835	11.396
267.078	36.465	26.217
221.01	27.022	62.168
216.102	40.406	77.049
181.923	34.346	3.01
255.86	66.028	27.395
182.17	46.395	89.316
218.799	48.668	82.727
269.459	29.028	49.857
202.778	35.165	74.08
199.856	82.166	21.377
212.309	29.62	67.549
180.942	62.589	7.976
255.094	42.059	86.193
264.507	83.075	44.268
189.465	36.752	6.131
232.827	79.127	50.923
180.629	75.704	30.084
230.55	57.835	25.747
260.584	72.662	60.569
214.995	87.287	26.308
193.879	46.187	84.13
259.642	83.951	23.484
181.239	47.881	74.399
212.166	68.838	70.845
256.843	71.828	21.545
205.036	52.289	16.711
243.852	79.833	51.61
188.02	73.258	24.679
265.718	43.402	34.679
260.623	87.609	38.497
259.826	86.735	56.595
259.802	81.345	28.274
242.061	11.745	21.408
263.685	86.262	17.757
198.142	35.225	2.565
241.976	80.316	48.174
182.612	66.869	25.39
253.259	33.844	23.141
261.345	79.106	30.507
194.577	67.979	23.141
202.232	38.42	76.275
212.647	13.72	66.483
198.029	50.083	3.977
184.065	50.844	72.597
209.461	28.723	75.517
208.17	88.449	49.487
258.214	48.133	17.087
241.8	84.642	46.748
257.637	84.61	32.765
203.473	43.231	87.704
223.186	23.514	45.007
233.975	78.187	9.226
247.164	78.024	39.678
256.283	81.453	38.961
253.995	77.24	9.149
196.738	52.536	3.76
183.969	63.127	78.428
205.203	82.518	50.541
260.431	86.39	8.894
260.244	27.552	65.552
183.488	45.009	19.779
248.54	13.248	40.181
216.253	46.667	63.231
202.262	56.084	3.345
228.13	28.317	86.902
269.978	85.368	21.984
264.595	18.238	49.437
243.283	87.233	43.872
180.316	80.449	86.482
227.594	30.352	60.517
188.559	70.781	11.346
191.22	51.883	83.191
255.602	85.456	48.836
194.203	52.408	77.637
200.751	81.375	14.365
188.924	52.988	82.743
264.435	80.557	23.369
236.669	82.214	33.457
180.294	43.767	15.549
246.546	67.714	21.781
198.07	44.523	81.647
187.779	38.757	17.238
180.324	66.808	76.561
268.844	43.83	15.499
207.533	88.263	54.524
185.812	30.279	80.931
200.1	38.93	79.293
227.421	25.411	57.529
249.837	15.003	39.214
267.061	37.58	68.381
188.668	39.315	82.51
190.363	50.894	0.277
223.422	62.111	19.309
198.219	53.801	15.447
241.393	83.247	0.423
200.71	47.329	84.284
262.543	52.379	37.204
186.109	51.75	86.723
203.995	52.879	15.917
242.83	89.334	38.385
190.948	83.39	21.74
192.687	50.13	87.371
185.26	37.574	11.058
203.646	50.324	0.001
185.205	48.374	8.762
247.183	20.168	76.931
216.174	47.315	82.826
199.485	45.377	0.093
188.918	55.59	78.969
229.682	31.01	87.61
192.618	52.465	11.649
219.684	56.971	87.503
200.688	43.503	86.232
253.319	89.967	41.189
189.344	51.707	83.117
189.937	69.668	19.99
219.747	55.029	5.493
233.824	85.907	42.7
230.786	34.982	72.388
198.048	43.812	11.108
243.767	87.308	33.196
254.143	88.704	43.474
266.355	89.904	83.235
247.255	74.978	34.855
198.762	41.682	88.943
180.981	46.126	86.943
222.035	43.341	6.262
247.23	69.711	35.251
197.309	53.445	17.411
199.82	51.081	8.66
243.654	68.962	26.731
180.939	78.683	87.179
210.051	84.41	77.703
203.674	26.693	73.355
262.136	85.528	43.598
215.383	52.359	80.56
236.48	89.196	45.905
192.646	84.167	87.407
263.243	84.712	41.115
220.115	71.037	15.785
180.379	42.962	1.838
188.99	52.639	11.877
231.245	40.422	65.151
181.736	82.491	5.356
263.853	83.071	47.83
217.187	42.275	73.309
197.255	40.304	1.535
250.864	88.615	42.098
190.652	35.588	10.599
192.195	44.863	6.699
195.033	33.938	80.442
241.237	64.863	20.004
191.525	37.737	82.524
250.853	46.177	81.598
189.965	69.702	0.525
241.696	79.739	48.317
194.851	48.432	4.09
252.366	84.174	29.886
246.23	39.21	85.224
183.497	49.708	78.98
195.151	28.46	88.863
182.648	5.521	16.095
261.763	43.044	11.717
207.233	38.446	0.997
180.025	36.845	80.049
265.372	82.006	27.371
191.168	80.314	1.958
185.164	83.647	74.289
180.722	46.864	82.543
191.275	40.546	88.289
242.094	77.246	31.378
241.545	38.045	60.061
242.879	54.881	21.677
193.593	46.354	1.697
206.541	51.227	6.894
203.783	74.158	11.525
223.307	28.901	76.701
192.681	10.191	8.993
259.848	85.652	68.362
265.559	74.052	57.713
253.756	27.351	42.573
192.731	54.382	9.16
248.458	89.78	47.298
232.574	50.297	82.57
231.761	42.808	4.408
193.873	40.13	0.835
230.758	87.334	55.944
228.435	17.934	51.585
186.691	72.262	19.751
264.048	74.167	71.306
196.587	39.334	13.288
256.143	87.758	44.345
247.219	80.878	33.817
186.834	37.312	5.743
200.059	56.366	9.918
184.285	88.618	80.06
242.929	41.426	8.553
240.674	47.881	16.392
207.401	37.769	87.674
251.765	83.472	39.623
266.116	82.955	37.978
244.599	88.487	50.341
248.34	14.383	25.006
249.919	55.475	7.938
247.969	80.282	51.214
234.51	40.648	38.717
200.732	49.047	13.343
252.8	89.704	37.92
213.292	77.484	37.022
197.903	52.26	89.824
237.062	87.707	7.301
238.987	71.896	14.615
181.588	60.136	89.294
255.55	52.481	47.451
229.912	35.21	59.163
229.072	55.745	81.09
257.882	74.644	76.632
185.414	4.2	88.237
195.326	39.891	89.698
182.112	43.726	18.414
183.642	44.16	86.072
198.117	33.351	7.597
212.759	25.626	69.046
185.298	42.423	83.501
206.467	55.541	15.576
201.817	47.488	78.585
219.132	50.153	0.717
222.268	57.479	12.519
258.851	47.933	76.767
192.206	78.749	12.764
237.334	33.322	56.362
256.091	69.304	38.593
210.081	42.327	63.918
251.542	40.994	11.14
253.267	87.807	35.707
268.978	81.002	84.358
180.832	51.092	76.278
263.131	85.616	43.403
248.724	88.395	60.872
184.029	52.498	16.422
209.87	85.845	78.579
245.541	83.854	43.672
203.759	16.754	57.463
261.06	85.17	78.582
205.451	37.614	82.537
219.008	10.963	54.48
248.763	13.271	50.176
183.961	51.455	87.003
209.021	67.894	23.55
250.927	77.91	25.684
189.572	78.082	29.952
196.005	78.057	37.929
194.11	60.289	14.744
220.417	78.053	26.316
182.178	64.426	78.093
208.346	84.987	33.262
209.917	54.637	85.839
227.611	62.248	2.612
196.683	56.244	11.044
217.478	40.541	84.647
183.002	88.755	35.572
208.101	39.896	73.899
257.821	87.502	50.399
265.32	89.468	54.351
186.477	33.935	78.497
255.429	77.552	29.507
209.307	86.928	21.232
215.075	65.406	12.591
230.577	52.368	80.65
264.037	40.506	81.499
230.638	58.874	75.992
259.673	84.107	45.413
213.424	63.264	11.368
216.229	39.826	88.912
230.778	74.267	14.788
253.515	88.73	29.183
214.553	39.168	10.575
183.991	43.126	5.881
268.011	63.965	38.412
237.891	79.509	36.665
250.155	74.588	45.108
206.08	25.041	77.964
238.869	82.842	37.811
213.77	47.678	81.65
197.381	38.344	0.648
187.718	49.434	5.625
199.353	47.313	75.992
203.058	48.631	15.131
267.698	75.291	71.161
266.435	51.328	4.746
205.843	35.128	61.047
234.656	86.585	31.054
203.943	86.742	73.734
216.5	76.272	27.45
208.692	78.244	15.107
264.853	84.25	6.109
211.213	35.235	70.603
261.153	40.9	40.079
196.568	47.243	81.944
180.901	51.401	74.402
203.259	53.608	6.927
189.438	41.587	87.382
180.497	76.77	88.682
255.984	85.44	16.425
244.272	79.011	69.21
214.031	42.338	79.244
198.018	88.08	40.313
220.763	41.328	70.685
259.178	81.87	37.728
200.872	39.727	88.715
202.097	53.747	8.064
204.182	53.109	12.599
224.938	32.096	51.093
221.17	41.286	58.312
194.299	69.119	12.646
205.275	47.77	77.549
193.129	17.257	65.415
264.067	88.456	47.619
309.277	101.146	252.787
333.245	147.155	182.137
351.664	132.626	185.059
277.309	106.015	204.561
303.735	95.416	219.395
296.291	95.775	236.076
283.033	93.794	218.503
337.038	133.158	265.075
335.467	132.878	262.002
318.987	149.086	264.309
335.942	109.972	200.888
290.77	98.733	184.227
329.446	112.08	191.572
290.828	139.129	199.776
354.823	132.114	182.942
309.483	113.445	190.781
334.006	126.645	259.549
272.318	149.906	219.368
270.428	93.396	235.727
333.113	141.391	262.936
340.422	124.234	196.043
286.277	90.33	224.221
273.488	94.876	230.893
336.513	106.83	265.767
350.167	92.328	199.96
310.774	138.423	205.401
347.42	116.998	196.225
290.504	175.897	232.159
276.004	144.835	188.984
318.119	96.799	211.99
328.74	149.14	250.045
343.177	127.913	183.848
294.036	117.514	206.113
319.377	107.465	209.914
310.327	147.822	249.189
278.256	139.759	258.036
282.223	132.282	213.938
284.761	101.071	221.096
300.211	144.343	241.83
280.143	92.71	217.833
280.344	90.761	225.85
283.645	95.248	206.662
280.836	97.109	231.948
350.323	129.101	183.692
289.894	102.274	222.796
329.207	140.901	186.218
286.038	159.646	248.386
359.61	130.49	266.536
353.49	131.987	266.943
357.937	119.646	266.46
293.542	101.997	222.669
345.802	154.447	184.312
290.465	95.357	217.789
302.46	94.137	252.471
339.949	146.188	202.676
346.396	109.289	193.824
341.63	100.443	191.014
271.643	115.936	201.891
351.268	126.856	247.711
286.779	141.987	204.401
320.871	136.471	254.943
274.348	163.496	188.141
302.01	158.037	242.377
352.688	148.693	257.492
343.166	128.275	189.174
304.212	107.206	197.392
335.143	150.954	265.537
343.133	119.427	197.403
330.248	144.817	264.699
301.889	99.961	190.591
347.033	117.729	193.651
291.421	139.902	255.042
340.96	144.119	183.192
288.26	152.756	244.107
342.257	128.485	263.974
349.101	119.082	185.752
335.472	120.696	255.943
299.864	108.54	203.418
343.946	113.94	208.021
295.58	93.301	212.993
283.558	96.728	214.66
346.431	95.234	187.21
333.835	101.062	267.517
274.433	90.289	225.444
278.976	90.822	221.747
274.246	90.414	242.086
322.409	104.029	193.829
303.965	130.856	189.74
356.803	91.044	234.178
324.988	104.068	183.087
288.952	151.251	223.43
316.803	98.185	208.291
304.081	145.027	236.186
337.318	143.709	182.197
335.324	133.983	262.661
341.617	124.805	262.309
275.773	169.681	222.271
278.32	97.733	186.782
354.831	137.218	188.531
324.922	106.921	227.078
291.41	128.4	189.517
345.426	161.79	255.69
336.966	119.955	192.077
314.191	160.787	235.332
306.333	146.63	250.098
301.304	129.888	207.016
271.566	154.476	186.683
344.674	130.792	192.184
320.385	103.921	241.286
341.1	128.215	269.629
359.613	103.996	256.467
335.255	136.215	244.39
295.876	96.637	221.458
336.999	141.291	262.123
353.581	126.379	265.119
331.075	135.725	181.675
313.856	97.768	200.768
273.573	116.581	254.962
349.151	146.45	259.491
358.731	127.8	253.858
318.374	144.197	254.583
358.907	91.549	263.466
338.557	131.067	187.551
327.9	142.789	258.025
280.594	100.192	202.295
292.839	96.45	220.467
296.467	104.308	213.732
272.291	110.83	261.367
308.464	138.746	231.492
357.981	134.102	267.668
295.69	105.931	222.378
289.543	132.623	256.539
282.006	93.587	226.512
344.643	101.204	182.763
323.412	140.459	242.868
291.267	96.774	233.359
345.119	132.766	186.337
352.414	118.498	190.674
282.319	92.899	208.373
282.102	96.802	221.085
305.394	145.897	239.669
283.591	96.114	207.722
333.242	137.538	180.827
345.19	126.817	182.063
297.467	95.743	214.586
325.565	106.201	249.908
276.012	93.55	235.299
281.753	91.81	224.265
296.277	98.645	196.985
279.841	161.452	198.381
270.431	94.953	238.872
350.016	124.899	182.304
348.629	149.222	180.596
339.436	134.971	258.574
340.205	101.715	199.46
298.585	149.469	218.234
291.083	98.093	218.83
334.618	110.885	266.185
354.74	118.548	191.687
328.032	134.439	266.91
337.843	130.762	181.901
310.956	133.625	253.561
298.307	121.949	208.422
345.187	131.137	187.306
319.575	151.994	247.851
357.369	115.736	184.793
342.567	132.176	184.535
324.45	139.001	260.568
352.677	122.033	187.312
338.483	134.894	264.391
309.958	98.416	212.018
289.856	157.147	207.387
322.832	101.465	241.229
293.196	151.727	228.558
322.019	91.663	259.31
311.211	134.102	266.319
294.778	91.392	227.819
284.085	98.072	204.731
328.724	137.007	260.793
358.945	123.313	191.907
333.5	127.784	186.677
329.803	119.165	191.396
272.922	143.535	206.217
318.99	152.978	242.168
323.898	139.594	257.049
358.077	145.654	183.01
284.14	113.972	207.395
357.83	133.605	269.316
321.201	131.332	262.727
270.541	150.972	229.857
337.222	144.835	254.08
340.144	97.834	201.377
327.691	150.38	247.549
359.058	117.411	187.976
284.906	137.941	266.193
275.493	96.925	224.268
350.535	143.248	186.131
307.173	100.873	230.923
359.371	104.296	210.084
309.45	122.165	205.747
279.416	107.338	240.569
325.005	92.713	206.308
346.121	133.813	264.13
280.358	96.049	203.484
358.761	132.119	254.399
327.834	111.162	250.845
283.157	108.172	201.545
334.964	127.711	196.711
296.148	100.167	231.61
351.98	106.742	204.679
274.282	136.598	214.679
279.377	92.391	218.497
280.174	93.265	236.595
280.198	98.655	208.274
297.939	168.255	201.408
276.315	93.738	197.757
341.858	144.775	182.565
298.024	99.684	228.174
357.388	113.131	205.39
286.741	146.156	203.141
278.655	100.894	210.507
345.423	112.021	203.141
337.768	141.58	256.275
327.353	166.28	246.483
341.971	129.917	183.977
355.935	129.156	252.597
330.539	151.277	255.517
331.83	91.551	229.487
281.786	131.867	197.087
298.2	95.358	226.748
282.363	95.39	212.765
336.527	136.769	267.704
316.814	156.486	225.007
306.025	101.813	189.226
292.836	101.976	219.678
283.717	98.547	218.961
286.005	102.76	189.149
343.262	127.464	183.76
356.031	116.873	258.428
334.797	97.482	230.541
279.569	93.61	188.894
279.756	152.448	245.552
356.512	134.991	199.779
291.46	166.752	220.181
323.747	133.333	243.231
337.738	123.916	183.345
311.87	151.683	266.902
270.022	94.632	201.984
275.405	161.762	229.437
296.717	92.767	223.872
359.684	99.551	266.482
312.406	149.648	240.517
351.441	109.219	191.346
348.78	128.117	263.191
284.398	94.544	228.836
345.797	127.592	257.637
339.249	98.625	194.365
351.076	127.012	262.743
275.565	99.443	203.369
303.331	97.786	213.457
359.706	136.233	195.549
293.454	112.286	201.781
341.93	135.477	261.647
352.221	141.243	197.238
359.676	113.192	256.561
271.156	136.17	195.499
332.467	91.737	234.524
354.188	149.721	260.931
339.9	141.07	259.293
312.579	154.589	237.529
290.163	164.997	219.214
272.939	142.42	248.381
351.332	140.685	262.51
349.637	129.106	180.277
316.578	117.889	199.309
341.781	126.199	195.447
298.607	96.753	180.423
339.29	132.671	264.284
277.457	127.621	217.204
353.891	128.25	266.723
336.005	127.121	195.917
297.17	90.666	218.385
349.052	96.61	201.74
347.313	129.87	267.371
354.74	142.426	191.058
336.354	129.676	180.001
354.795	131.626	188.762
292.817	159.832	256.931
323.826	132.685	262.826
340.515	134.623	180.093
351.082	124.41	258.969
310.318	148.99	267.61
347.382	127.535	191.649
320.316	123.029	267.503
339.312	136.497	266.232
286.681	90.033	221.189
350.656	128.293	263.117
350.063	110.332	199.99
320.253	124.971	185.493
306.176	94.093	222.7
309.214	145.018	252.388
341.952	136.188	191.108
296.233	92.692	213.196
285.857	91.296	223.474
273.645	90.096	263.235
292.745	105.022	214.855
341.238	138.318	268.943
359.019	133.874	266.943
317.965	136.659	186.262
292.77	110.289	215.251
342.691	126.555	197.411
340.18	128.919	188.66
296.346	111.038	206.731
359.061	101.317	267.179
329.949	95.59	257.703
336.326	153.307	253.355
277.864	94.472	223.598
324.617	127.641	260.56
303.52	90.804	225.905
347.354	95.833	267.407
276.757	95.288	221.115
319.885	108.963	195.785
359.621	137.038	181.838
351.01	127.361	191.877
308.755	139.578	245.151
358.264	97.509	185.356
276.147	96.929	227.83
322.813	137.725	253.309
342.745	139.696	181.535
289.136	91.385	222.098
349.348	144.412	190.599
347.805	135.137	186.699
344.967	146.062	260.442
298.763	115.137	200.004
348.475	142.263	262.524
289.147	133.823	261.598
350.035	110.298	180.525
298.304	100.261	228.317
345.149	131.568	184.09
287.634	95.826	209.886
293.77	140.79	265.224
356.503	130.292	258.98
344.849	151.54	268.863
357.352	174.479	196.095
278.237	136.956	191.717
332.767	141.554	180.997
359.975	143.155	260.049
274.628	97.994	207.371
348.832	99.686	181.958
354.836	96.353	254.289
359.278	133.136	262.543
348.725	139.454	268.289
297.906	102.754	211.378
298.455	141.955	240.061
297.121	125.119	201.677
346.407	133.646	181.697
333.459	128.773	186.894
336.217	105.842	191.525
316.693	151.099	256.701
347.319	169.809	188.993
280.152	94.348	248.362
274.441	105.948	237.713
286.244	152.649	222.573
347.269	125.618	189.16
291.542	90.22	227.298
307.426	129.703	262.57
308.239	137.192	184.408
346.127	139.87	180.835
309.242	92.666	235.944
311.565	162.066	231.585
353.309	107.738	199.751
275.952	105.833	251.306
343.413	140.666	193.288
283.857	92.242	224.345
292.781	99.122	213.817
353.166	142.688	185.743
339.941	123.634	189.918
355.715	91.382	260.06
297.071	138.574	188.553
299.326	132.119	196.392
332.599	142.231	267.674
288.235	96.528	219.623
273.884	97.045	217.978
295.401	91.513	230.341
291.66	165.617	205.006
290.081	124.525	187.938
292.031	99.718	231.214
305.49	139.352	218.717
339.268	130.953	193.343
287.2	90.296	217.92
326.708	102.516	217.022
342.097	127.74	269.824
302.938	92.293	187.301
301.013	108.104	194.615
358.412	119.864	269.294
284.45	127.519	227.451
310.088	144.79	239.163
310.928	124.255	261.09
282.118	105.356	256.632
354.586	175.8	268.237
344.674	140.109	269.698
357.888	136.274	198.414
356.358	135.84	266.072
341.883	146.649	187.597
327.241	154.374	249.046
354.702	137.577	263.501
333.533	124.459	195.576
338.183	132.512	258.585
320.868	129.847	180.717
317.732	122.521	192.519
281.149	132.067	256.767
347.794	101.251	192.764
302.666	146.678	236.362
283.909	110.696	218.593
329.919	137.673	243.918
288.458	139.006	191.14
286.733	92.193	215.707
271.022	98.998	264.358
359.168	128.908	256.278
276.869	94.384	223.403
291.276	91.605	240.872
355.971	127.502	196.422
330.13	94.155	258.579
294.459	96.146	223.672
336.241	163.246	237.463
278.94	94.83	258.582
334.549	142.386	262.537
320.992	169.037	234.48
291.237	166.729	230.176
356.039	128.545	267.003
330.979	112.106	203.55
289.073	102.09	205.684
350.428	101.918	209.952
343.995	101.943	217.929
345.89	119.711	194.744
319.583	101.947	206.316
357.822	115.574	258.093
331.654	95.013	213.262
330.083	125.363	265.839
312.389	117.752	182.612
343.317	123.756	191.044
322.522	139.459	264.647
356.998	91.245	215.572
331.899	140.104	253.899
282.179	92.498	230.399
274.68	90.532	234.351
353.523	146.065	258.497
284.571	102.448	209.507
330.693	93.072	201.232
324.925	114.594	192.591
309.423	127.632	260.65
275.963	139.494	261.499
309.362	121.126	255.992
280.327	95.893	225.413
326.576	116.736	191.368
323.771	140.174	268.912
309.222	105.733	194.788
286.485	91.27	209.183
325.447	140.832	190.575
356.009	136.874	185.881
271.989	116.035	218.412
302.109	100.491	216.665
289.845	105.412	225.108
333.92	154.959	257.964
301.131	97.158	217.811
326.23	132.322	261.65
342.619	141.656	180.648
352.282	130.566	185.625
340.647	132.687	255.992
336.942	131.369	195.131
272.302	104.709	251.161
273.565	128.672	184.746
334.157	144.872	241.047
305.344	93.415	211.054
336.057	93.258	253.734
323.5	103.728	207.45
331.308	101.756	195.107
275.147	95.75	186.109
328.787	144.765	250.603
278.847	139.1	220.079
343.432	132.757	261.944
359.099	128.599	254.402
336.741	126.392	186.927
350.562	138.413	267.382
359.503	103.23	268.682
284.016	94.56	196.425
295.728	100.989	249.21
325.969	137.662	259.244
341.982	91.92	220.313
319.237	138.672	250.685
280.822	98.13	217.728
339.128	140.273	268.715
337.903	126.253	188.064
335.818	126.891	192.599
315.062	147.904	231.093
318.83	138.714	238.312
345.701	110.881	192.646
334.725	132.23	257.549
346.871	162.743	245.415
275.933	91.544	227.619
129.277	101.146	252.787
153.245	147.155	182.137
171.664	132.626	185.059
97.309	106.015	204.561
123.735	95.416	219.395
116.291	95.775	236.076
103.033	93.794	218.503
157.038	133.158	265.075
155.467	132.878	262.002
138.987	149.086	264.309
155.942	109.972	200.888
110.77	98.733	184.227
149.446	112.08	191.572
110.828	139.129	199.776
174.823	132.114	182.942
129.483	113.445	190.781
154.006	126.645	259.549
92.318	149.906	219.368
90.428	93.396	235.727
153.113	141.391	262.936
160.422	124.234	196.043
106.277	90.33	224.221
93.488	94.876	230.893
156.513	106.83	265.767
170.167	92.328	199.96
130.774	138.423	205.401
167.42	116.998	196.225
110.504	175.897	232.159
96.004	144.835	188.984
138.119	96.799	211.99
148.74	149.14	250.045
163.177	127.913	183.848
114.036	117.514	206.113
139.377	107.465	209.914
130.327	147.822	249.189
98.256	139.759	258.036
102.223	132.282	213.938
104.761	101.071	221.096
120.211	144.343	241.83
100.143	92.71	217.833
100.344	90.761	225.85
103.645	95.248	206.662
100.836	97.109	231.948
170.323	129.101	183.692
109.894	102.274	222.796
149.207	140.901	186.218
106.038	159.646	248.386
179.61	130.49	266.536
173.49	131.987	266.943
177.937	119.646	266.46
113.542	101.997	222.669
165.802	154.447	184.312
110.465	95.357	217.789
122.46	94.137	252.471
159.949	146.188	202.676
166.396	109.289	193.824
161.63	100.443	191.014
91.643	115.936	201.891
171.268	126.856	247.711
106.779	141.987	204.401
140.871	136.471	254.943
94.348	163.496	188.141
122.01	158.037	242.377
172.688	148.693	257.492
163.166	128.275	189.174
124.212	107.206	197.392
155.143	150.954	265.537
163.133	119.427	197.403
150.248	144.817	264.699
121.889	99.961	190.591
167.033	117.729	193.651
111.421	139.902	255.042
160.96	144.119	183.192
108.26	152.756	244.107
162.257	128.485	263.974
169.101	119.082	185.752
155.472	120.696	255.943
119.864	108.54	203.418
163.946	113.94	208.021
115.58	93.301	212.993
103.558	96.728	214.66
166.431	95.234	187.21
153.835	101.062	267.517
94.433	90.289	225.444
98.976	90.822	221.747
94.246	90.414	242.086
142.409	104.029	193.829
123.965	130.856	189.74
176.803	91.044	234.178
144.988	104.068	183.087
108.952	151.251	223.43
136.803	98.185	208.291
124.081	145.027	236.186
157.318	143.709	182.197
155.324	133.983	262.661
161.617	124.805	262.309
95.773	169.681	222.271
98.32	97.733	186.782
174.831	137.218	188.531
144.922	106.921	227.078
111.41	128.4	189.517
165.426	161.79	255.69
156.966	119.955	192.077
134.191	160.787	235.332
126.333	146.63	250.098
121.304	129.888	207.016
91.566	154.476	186.683
164.674	130.792	192.184
140.385	103.921	241.286
161.1	128.215	269.629
179.613	103.996	256.467
155.255	136.215	244.39
115.876	96.637	221.458
156.999	141.291	262.123
173.581	126.379	265.119
151.075	135.725	181.675
133.856	97.768	200.768
93.573	116.581	254.962
169.151	146.45	259.491
178.731	127.8	253.858
138.374	144.197	254.583
178.907	91.549	263.466
158.557	131.067	187.551
147.9	142.789	258.025
100.594	100.192	202.295
112.839	96.45	220.467
116.467	104.308	213.732
92.291	110.83	261.367
128.464	138.746	231.492
177.981	134.102	267.668
115.69	105.931	222.378
109.543	132.623	256.539
102.006	93.587	226.512
164.643	101.204	182.763
143.412	140.459	242.868
111.267	96.774	233.359
165.119	132.766	186.337
172.414	118.498	190.674
102.319	92.899	208.373
102.102	96.802	221.085
125.394	145.897	239.669
103.591	96.114	207.722
153.242	137.538	180.827
165.19	126.817	182.063
117.467	95.743	214.586
145.565	106.201	249.908
96.012	93.55	235.299
101.753	91.81	224.265
116.277	98.645	196.985
99.841	161.452	198.381
90.431	94.953	238.872
170.016	124.899	182.304
168.629	149.222	180.596
159.436	134.971	258.574
160.205	101.715	199.46
118.585	149.469	218.234
111.083	98.093	218.83
154.618	110.885	266.185
174.74	118.548	191.687
148.032	134.439	266.91
157.843	130.762	181.901
130.956	133.625	253.561
118.307	121.949	208.422
165.187	131.137	187.306
139.575	151.994	247.851
177.369	115.736	184.793
162.567	132.176	184.535
144.45	139.001	260.568
172.677	122.033	187.312
158.483	134.894	264.391
129.958	98.416	212.018
109.856	157.147	207.387
142.832	101.465	241.229
113.196	151.727	228.558
142.019	91.663	259.31
131.211	134.102	266.319
114.778	91.392	227.819
104.085	98.072	204.731
148.724	137.007	260.793
178.945	123.313	191.907
153.5	127.784	186.677
149.803	119.165	191.396
92.922	143.535	206.217
138.99	152.978	242.168
143.898	139.594	257.049
178.077	145.654	183.01
104.14	113.972	207.395
177.83	133.605	269.316
141.201	131.332	262.727
90.541	150.972	229.857
157.222	144.835	254.08
160.144	97.834	201.377
147.691	150.38	247.549
179.058	117.411	187.976
104.906	137.941	266.193
95.493	96.925	224.268
170.535	143.248	186.131
127.173	100.873	230.923
179.371	104.296	210.084
129.45	122.165	205.747
99.416	107.338	240.569
145.005	92.713	206.308
166.121	133.813	264.13
100.358	96.049	203.484
178.761	132.119	254.399
147.834	111.162	250.845
103.157	108.172	201.545
154.964	127.711	196.711
116.148	100.167	231.61
171.98	106.742	204.679
94.282	136.598	214.679
99.377	92.391	218.497
100.174	93.265	236.595
100.198	98.655	208.274
117.939	168.255	201.408
96.315	93.738	197.757
161.858	144.775	182.565
118.024	99.684	228.174
177.388	113.131	205.39
106.741	146.156	203.141
98.655	100.894	210.507
165.423	112.021	203.141
157.768	141.58	256.275
147.353	166.28	246.483
161.971	129.917	183.977
175.935	129.156	252.597
150.539	151.277	255.517
151.83	91.551	229.487
101.786	131.867	197.087
118.2	95.358	226.748
102.363	95.39	212.765
156.527	136.769	267.704
136.814	156.486	225.007
126.025	101.813	189.226
112.836	101.976	219.678
103.717	98.547	218.961
106.005	102.76	189.149
163.262	127.464	183.76
176.031	116.873	258.428
154.797	97.482	230.541
99.569	93.61	188.894
99.756	152.448	245.552
176.512	134.991	199.779
111.46	166.752	220.181
143.747	133.333	243.231
157.738	123.916	183.345
131.87	151.683	266.902
90.022	94.632	201.984
95.405	161.762	229.437
116.717	92.767	223.872
179.684	99.551	266.482
132.406	149.648	240.517
171.441	109.219	191.346
168.78	128.117	263.191
104.398	94.544	228.836
165.797	127.592	257.637
159.249	98.625	194.365
171.076	127.012	262.743
95.565	99.443	203.369
123.331	97.786	213.457
179.706	136.233	195.549
113.454	112.286	201.781
161.93	135.477	261.647
172.221	141.243	197.238
179.676	113.192	256.561
91.156	136.17	195.499
152.467	91.737	234.524
174.188	149.721	260.931
159.9	141.07	259.293
132.579	154.589	237.529
110.163	164.997	219.214
92.939	142.42	248.381
171.332	140.685	262.51
169.637	129.106	180.277
136.578	117.889	199.309
161.781	126.199	195.447
118.607	96.753	180.423
159.29	132.671	264.284
97.457	127.621	217.204
173.891	128.25	266.723
156.005	127.121	195.917
117.17	90.666	218.385
169.052	96.61	201.74
167.313	129.87	267.371
174.74	142.426	191.058
156.354	129.676	180.001
174.795	131.626	188.762
112.817	159.832	256.931
143.826	132.685	262.826
160.515	134.623	180.093
171.082	124.41	258.969
130.318	148.99	267.61
167.382	127.535	191.649
140.316	123.029	267.503
159.312	136.497	266.232
106.681	90.033	221.189
170.656	128.293	263.117
170.063	110.332	199.99
140.253	124.971	185.493
126.176	94.093	222.7
129.214	145.018	252.388
161.952	136.188	191.108
116.233	92.692	213.196
105.857	91.296	223.474
93.645	90.096	263.235
112.745	105.022	214.855
161.238	138.318	268.943
179.019	133.874	266.943
137.965	136.659	186.262
112.77	110.289	215.251
162.691	126.555	197.411
160.18	128.919	188.66
116.346	111.038	206.731
179.061	101.317	267.179
149.949	95.59	257.703
156.326	153.307	253.355
97.864	94.472	223.598
144.617	127.641	260.56
123.52	90.804	225.905
167.354	95.833	267.407
96.757	95.288	221.115
139.885	108.963	195.785
179.621	137.038	181.838
171.01	127.361	191.877
128.755	139.578	245.151
178.264	97.509	185.356
96.147	96.929	227.83
142.813	137.725	253.309
162.745	139.696	181.535
109.136	91.385	222.098
169.348	144.412	190.599
167.805	135.137	186.699
164.967	146.062	260.442
118.763	115.137	200.004
168.475	142.263	262.524
109.147	133.823	261.598
170.035	110.298	180.525
118.304	100.261	228.317
165.149	131.568	184.09
107.634	95.826	209.886
113.77	140.79	265.224
176.503	130.292	258.98
164.849	151.54	268.863
177.352	174.479	196.095
98.237	136.956	191.717
152.767	141.554	180.997
179.975	143.155	260.049
94.628	97.994	207.371
168.832	99.686	181.958
174.836	96.353	254.289
179.278	133.136	262.543
168.725	139.454	268.289
117.906	102.754	211.378
118.455	141.955	240.061
117.121	125.119	201.677
166.407	133.646	181.697
153.459	128.773	186.894
156.217	105.842	191.525
136.693	151.099	256.701
167.319	169.809	188.993
100.152	94.348	248.362
94.441	105.948	237.713
106.244	152.649	222.573
167.269	125.618	189.16
111.542	90.22	227.298
127.426	129.703	262.57
128.239	137.192	184.408
166.127	139.87	180.835
129.242	92.666	235.944
131.565	162.066	231.585
173.309	107.738	199.751
95.952	105.833	251.306
163.413	140.666	193.288
103.857	92.242	224.345
112.781	99.122	213.817
173.166	142.688	185.743
159.941	123.634	189.918
175.715	91.382	260.06
117.071	138.574	188.553
119.326	132.119	196.392
152.599	142.231	267.674
108.235	96.528	219.623
93.884	97.045	217.978
115.401	91.513	230.341
111.66	165.617	205.006
110.081	124.525	187.938
112.031	99.718	231.214
125.49	139.352	218.717
159.268	130.953	193.343
107.2	90.296	217.92
146.708	102.516	217.022
162.097	127.74	269.824
122.938	92.293	187.301
121.013	108.104	194.615
178.412	119.864	269.294
104.45	127.519	227.451
130.088	144.79	239.163
130.928	124.255	261.09
102.118	105.356	256.632
174.586	175.8	268.237
164.674	140.109	269.698
177.888	136.274	198.414
176.358	135.84	266.072
161.883	146.649	187.597
147.241	154.374	249.046
174.702	137.577	263.501
153.533	124.459	195.576
158.183	132.512	258.585
140.868	129.847	180.717
137.732	122.521	192.519
101.149	132.067	256.767
167.794	101.251	192.764
122.666	146.678	236.362
103.909	110.696	218.593
149.919	137.673	243.918
108.458	139.006	191.14
106.733	92.193	215.707
91.022	98.998	264.358
179.168	128.908	256.278
96.869	94.384	223.403
111.276	91.605	240.872
175.971	127.502	196.422
150.13	94.155	258.579
114.459	96.146	223.672
156.241	163.246	237.463
98.94	94.83	258.582
154.549	142.386	262.537
140.992	169.037	234.48
111.237	166.729	230.176
176.039	128.545	267.003
150.979	112.106	203.55
109.073	102.09	205.684
170.428	101.918	209.952
163.995	101.943	217.929
165.89	119.711	194.744
139.583	101.947	206.316
177.822	115.574	258.093
151.654	95.013	213.262
150.083	125.363	265.839
132.389	117.752	182.612
163.317	123.756	191.044
142.522	139.459	264.647
176.998	91.245	215.572
151.899	140.104	253.899
102.179	92.498	230.399
94.68	90.532	234.351
173.523	146.065	258.497
104.571	102.448	209.507
150.693	93.072	201.232
144.925	114.594	192.591
129.423	127.632	260.65
95.963	139.494	261.499
129.362	121.126	255.992
100.327	95.893	225.413
146.576	116.736	191.368
143.771	140.174	268.912
129.222	105.733	194.788
106.485	91.27	209.183
145.447	140.832	190.575
176.009	136.874	185.881
91.989	116.035	218.412
122.109	100.491	216.665
109.845	105.412	225.108
153.92	154.959	257.964
121.131	97.158	217.811
146.23	132.322	261.65
162.619	141.656	180.648
172.282	130.566	185.625
160.647	132.687	255.992
156.942	131.369	195.131
92.302	104.709	251.161
93.565	128.672	184.746
154.157	144.872	241.047
125.344	93.415	211.054
156.057	93.258	253.734
143.5	103.728	207.45
151.308	101.756	195.107
95.147	95.75	186.109
148.787	144.765	250.603
98.847	139.1	220.079
163.432	132.757	261.944
179.099	128.599	254.402
156.741	126.392	186.927
170.562	138.413	267.382
179.503	103.23	268.682
104.016	94.56	196.425
115.728	100.989	249.21
145.969	137.662	259.244
161.982	91.92	220.313
139.237	138.672	250.685
100.822	98.13	217.728
159.128	140.273	268.715
157.903	126.253	188.064
155.818	126.891	192.599
135.062	147.904	231.093
138.83	138.714	238.312
165.701	110.881	192.646
154.725	132.23	257.549
166.871	162.743	245.415
95.933	91.544	227.619
		
		
		
		
