50.723	78.854	72.787
8.336	47.374	5.059
82.691	73.985	24.561
6.894	50.135	73.8
63.709	84.225	56.076
76.967	86.206	38.503
89.756	86.935	50.657
41.013	30.914	84.309
24.058	70.028	20.888
69.23	81.267	4.227
30.554	67.92	11.572
69.172	40.871	19.776
5.177	47.886	2.942
87.682	30.094	39.368
89.572	86.604	55.727
3.994	61.033	1.87
9.605	44.819	75.943
86.512	85.124	50.893
23.487	73.17	85.767
5.801	65.716	12.033
9.833	87.672	19.96
49.226	41.577	25.401
12.58	63.002	16.225
83.996	35.165	8.984
41.881	83.201	31.99
0.071	40.033	6.875
31.26	30.86	70.045
40.623	72.535	29.914
49.673	32.178	69.189
81.744	40.241	78.036
4.917	58.721	83.532
77.777	47.718	33.938
85.82	0.775	17.134
75.239	78.929	41.096
59.789	35.657	61.83
79.857	87.29	37.833
76.355	84.752	26.662
79.164	82.891	51.948
26.898	29.549	66.321
9.677	50.899	3.692
9.41	54.356	84.888
30.793	39.099	6.218
6.435	37.104	88.16
73.962	20.354	68.386
0.39	49.51	86.536
6.51	48.013	86.943
2.063	60.354	86.46
66.458	78.003	42.669
14.198	25.553	4.312
57.54	85.863	72.471
5.021	56.196	1.178
20.051	33.812	22.676
83.177	83.043	34.3
50.063	23.01	44.328
13.604	70.711	13.824
41.975	36.344	47.207
18.37	79.557	11.014
25.821	39.733	67.917
88.357	64.064	21.891
8.732	53.144	67.711
0.382	52.778	17.414
79.854	75.726	23.921
85.652	16.504	8.141
15.884	18.729	68.634
57.99	21.963	62.377
7.312	31.307	77.492
16.834	51.725	9.174
55.788	72.794	17.392
24.857	29.046	85.537
83.227	88.657	27.046
45.661	3.877	32.735
16.867	60.573	17.403
18.768	27.635	79.178
8.943	61.167	3.977
58.111	80.039	10.591
12.967	62.271	13.651
68.579	40.098	75.042
19.04	35.881	3.192
71.74	27.244	64.107
10.899	60.918	5.752
17.04	13.632	84.93
76.206	69.327	29.656
24.528	59.304	75.943
60.136	71.46	23.418
16.054	66.06	28.021
85.737	89.899	33.715
13.569	84.766	7.21
74.067	70.201	13.063
79.505	85.67	29.411
26.165	78.938	87.517
12.091	64.832	12.198
85.567	89.711	45.444
12.89	44.707	72.204
2.282	27.419	87.058
88.827	88.66	20.965
81.024	89.178	41.747
85.754	89.586	62.086
37.591	75.971	13.829
3.197	88.956	54.178
35.012	75.932	3.087
71.048	28.749	43.43
3.249	71.511	0.407
51.733	82.177	53.977
39.717	35.991	50.264
43.197	81.815	28.291
55.919	34.973	56.186
22.682	36.291	2.197
73.726	69.519	33.644
89.882	82.555	14.247
84.227	10.319	42.271
4.359	32.521	3.071
81.68	82.267	6.782
5.169	42.782	8.531
35.078	73.079	47.078
14.574	18.21	75.69
45.809	19.213	55.332
53.667	33.37	70.098
58.696	50.112	27.016
88.434	25.524	6.683
1.395	48.796	6.287
2.601	62.974	85.399
15.326	49.208	12.184
39.615	76.079	61.286
80.524	77.561	36.478
0.387	76.004	76.467
24.745	43.785	64.39
2.107	34.961	78.137
11.761	58.614	82.073
6.419	53.621	85.119
87.995	87.66	10.756
46.144	82.232	20.768
86.427	63.419	74.962
3.683	56.131	77.569
10.849	33.55	79.491
1.269	52.2	73.858
55.875	22.613	51.39
41.626	35.803	74.583
1.093	88.451	83.466
32.1	37.211	78.025
79.406	79.808	22.295
67.161	83.55	40.467
87.709	69.17	81.367
51.536	41.254	51.492
89.272	89.346	4.96
6.12	53.349	88.901
2.019	45.898	87.668
64.31	74.069	42.378
15.357	78.796	2.763
36.588	39.541	62.868
14.881	47.234	6.337
89.363	73.373	36.511
7.586	61.502	10.674
5.499	56.662	83.867
77.681	87.101	28.373
77.898	83.198	41.085
76.409	83.886	27.722
14.81	53.183	2.063
1.931	78.722	88.105
62.533	84.257	34.586
34.435	73.799	69.908
83.988	86.45	55.299
78.247	88.19	44.265
63.723	81.355	16.985
80.159	18.548	18.381
89.569	85.047	58.872
9.984	55.101	2.304
2.228	61.482	83.35
11.371	30.778	0.596
20.564	45.029	78.574
19.795	78.285	19.46
61.415	30.531	38.234
25.382	69.115	86.185
86.644	80.169	35.218
5.26	61.452	11.687
31.968	45.561	86.91
6.095	14.888	0.706
61.693	58.051	28.422
86.773	79.068	34.402
11.14	21.808	79.186
40.425	28.006	67.851
2.631	64.264	4.793
17.433	47.824	4.535
7.323	57.967	7.312
50.042	81.584	32.018
83.735	77.174	15.634
0.118	54.097	88.66
70.144	22.853	27.387
37.168	78.535	61.229
66.804	28.273	48.558
33.622	36.353	65.129
4.996	71.068	8.506
2.263	59.267	84.402
82.919	84.234	56.938
75.915	81.928	24.731
1.055	56.687	11.907
78.741	86.431	23.778
30.197	60.835	11.396
87.078	36.465	26.217
41.01	27.022	62.168
1.923	34.346	3.01
75.86	66.028	27.395
2.17	46.395	89.316
38.799	48.668	82.727
89.459	29.028	49.857
86.308	81.815	28.774
22.778	35.165	74.08
19.856	82.166	21.377
32.309	29.62	67.549
75.382	85.582	28.615
0.942	62.589	7.976
84.507	83.075	44.268
78.519	6.506	11.555
9.465	36.752	6.131
89.654	85.061	7.971
83.032	86.313	58.584
87.02	81.179	32.084
52.827	79.127	50.923
3.054	58.031	83.666
0.629	75.704	30.084
50.55	57.835	25.747
1.695	69.106	2.917
80.584	72.662	60.569
34.995	87.287	26.308
13.879	46.187	84.13
83.012	89.935	61.042
79.642	83.951	23.484
1.239	47.881	74.399
85.27	79.78	31.122
85.96	88.753	77.887
32.166	68.838	70.845
79.678	89.021	31.985
76.843	71.828	21.545
12.44	11.343	84.584
4.172	55.061	74.877
4.433	62.67	89.039
63.852	79.833	51.61
8.02	73.258	24.679
85.718	43.402	34.679
80.623	87.609	38.497
79.826	86.735	56.595
79.802	81.345	28.274
62.061	11.745	21.408
88.627	81.999	7.518
83.685	86.262	17.757
18.142	35.225	2.565
2.612	66.869	25.39
73.259	33.844	23.141
81.345	79.106	30.507
14.577	67.979	23.141
12.602	7.388	75.443
22.232	38.42	76.275
32.647	13.72	66.483
3.359	56.091	13.198
8.564	31.735	80.648
4.065	50.844	72.597
29.461	28.723	75.517
7.114	74.2	77.917
78.214	48.133	17.087
77.637	84.61	32.765
5.095	35.979	6.185
43.186	23.514	45.007
87.053	89.029	25.467
82.603	83.36	60.226
76.283	81.453	38.961
76.198	15.124	27.283
73.995	77.24	9.149
3.969	63.127	78.428
80.977	81.986	10.33
80.431	86.39	8.894
80.244	27.552	65.552
3.488	45.009	19.779
8.394	61.756	87.273
68.54	13.248	40.181
36.253	46.667	63.231
5.076	59.416	2.813
48.13	28.317	86.902
89.978	85.368	21.984
16.639	40.168	67.793
4.614	60.287	2.64
1.263	30.348	6.705
35.267	34.744	65.22
84.595	18.238	49.437
0.316	80.449	86.482
80.156	89.243	21.169
47.594	30.352	60.517
8.559	70.781	11.346
83.392	89.967	29.12
11.22	51.883	83.191
75.602	85.456	48.836
14.203	52.408	77.637
4.353	38.491	0.629
20.751	81.375	14.365
8.924	52.988	82.743
87.652	9.118	3.194
84.435	80.557	23.369
56.669	82.214	33.457
0.294	43.767	15.549
66.546	67.714	21.781
18.07	44.523	81.647
15.252	62.915	16.411
0.324	66.808	76.561
87.322	79.829	29.837
5.812	30.279	80.931
47.421	25.411	57.529
69.837	15.003	39.214
8.668	39.315	82.51
0.214	40.614	73.657
87.781	78.981	39.113
43.422	62.111	19.309
3.538	51.159	88.099
6.109	51.75	86.723
10.948	83.39	21.74
8.141	70.552	69.315
5.205	48.374	8.762
28.576	42.306	67.848
67.183	20.168	76.931
3.604	62.008	5.007
15.953	31.778	72.732
8.918	55.59	78.969
49.682	31.01	87.61
39.684	56.971	87.503
81.277	84.645	16.153
87.855	79.109	31.004
9.344	51.707	83.117
84.531	87.028	65.511
49.391	77.577	74.58
83.312	84.102	33.353
9.937	69.668	19.99
39.747	55.029	5.493
53.824	85.907	42.7
18.048	43.812	11.108
86.355	89.904	83.235
67.255	74.978	34.855
82.048	83.896	78.662
84.658	82.837	39.467
70.6	6.365	25.725
0.981	46.126	86.943
42.035	43.341	6.262
67.23	69.711	35.251
7.806	61.217	77.893
82.329	81.578	20.724
17.309	53.445	17.411
63.654	68.962	26.731
46.141	81.292	23.987
0.939	78.683	87.179
30.051	84.41	77.703
23.674	26.693	73.355
23.783	14.027	66.431
4.469	63.027	2.758
82.136	85.528	43.598
12.646	84.167	87.407
83.243	84.712	41.115
5.153	41.805	4.601
40.115	71.037	15.785
5.216	55.329	8.155
0.379	42.962	1.838
8.99	52.639	11.877
51.245	40.422	65.151
74.328	82.165	25.772
1.736	82.491	5.356
83.853	83.071	47.83
28.115	21.347	65.253
37.187	42.275	73.309
10.171	66.358	76.695
70.864	88.615	42.098
86.111	80.016	41.398
10.652	35.588	10.599
15.033	33.938	80.442
61.237	64.863	20.004
11.525	37.737	82.524
7.103	48.003	71.18
81.257	86.574	61.893
9.965	69.702	0.525
4.032	30.067	85.218
25.094	30.189	68.362
14.851	48.432	4.09
72.366	84.174	29.886
66.23	39.21	85.224
3.497	49.708	78.98
15.151	28.46	88.863
81.763	43.044	11.717
88.338	89.656	63.231
0.025	36.845	80.049
85.372	82.006	27.371
11.168	80.314	1.958
5.164	83.647	74.289
2.733	35.222	10.97
0.722	46.864	82.543
11.275	40.546	88.289
62.094	77.246	31.378
61.545	38.045	60.061
13.593	46.354	1.697
23.783	74.158	11.525
43.307	28.901	76.701
12.681	10.191	8.993
79.848	85.652	68.362
7.188	54.588	84.174
88.607	89.119	26.03
85.559	74.052	57.713
73.756	27.351	42.573
2.241	68.902	88.141
52.574	50.297	82.57
83.007	87.252	88.558
13.873	40.13	0.835
50.758	87.334	55.944
48.435	17.934	51.585
6.691	72.262	19.751
84.048	74.167	71.306
16.587	39.334	13.288
76.143	87.758	44.345
11.693	60.305	5.719
6.834	37.312	5.743
4.285	88.618	80.06
88.481	4.054	6.254
62.929	41.426	8.553
14.648	67.374	14.258
27.401	37.769	87.674
86.116	82.955	37.978
3.801	44.082	84.987
68.34	14.383	25.006
69.919	55.475	7.938
4.312	52.971	74.201
67.969	80.282	51.214
83.103	78.392	25.651
23.827	21.685	67.219
54.51	40.648	38.717
87.031	82.657	48.061
33.292	77.484	37.022
80.046	86.769	76.887
58.987	71.896	14.615
1.588	60.136	89.294
49.912	35.21	59.163
49.072	55.745	81.09
84.262	89.014	46.754
77.882	74.644	76.632
5.414	4.2	88.237
15.326	39.891	89.698
2.112	43.726	18.414
3.642	44.16	86.072
18.117	33.351	7.597
32.759	25.626	69.046
5.298	42.423	83.501
21.817	47.488	78.585
84.336	81.903	23.772
42.268	57.479	12.519
78.851	47.933	76.767
8.861	24.503	80.843
12.206	78.749	12.764
77.42	78.351	20.718
55.452	37.367	53.142
69.633	35.08	54.469
87.885	2.901	86.174
57.334	33.322	56.362
76.091	69.304	38.593
30.081	42.327	63.918
71.542	40.994	11.14
8.243	55.573	17.249
73.267	87.807	35.707
10.47	82.533	85.715
88.978	81.002	84.358
0.832	51.092	76.278
3.983	60.259	79.472
4.172	50.083	73.671
83.131	85.616	43.403
68.724	88.395	60.872
4.029	52.498	16.422
29.87	85.845	78.579
23.759	16.754	57.463
2.225	33.913	89.228
10.902	69.564	4.241
81.06	85.17	78.582
0.505	59.104	13.47
39.008	10.963	54.48
68.763	13.271	50.176
3.961	51.455	87.003
0.64	34.991	2.719
29.021	67.894	23.55
70.927	77.91	25.684
10.215	71.885	81.348
9.572	78.082	29.952
14.11	60.289	14.744
40.417	78.053	26.316
2.178	64.426	78.093
28.346	84.987	33.262
79.898	81.555	39.571
34.836	16.486	55.148
53.247	38.821	38.566
47.611	62.248	2.612
20.215	26.735	63.536
3.002	88.755	35.572
5.795	65.062	7.196
28.101	39.896	73.899
87.069	89.47	27.013
77.821	87.502	50.399
85.32	89.468	54.351
6.477	33.935	78.497
75.429	77.552	29.507
32.449	26.817	67.505
29.307	86.928	21.232
8.762	64.573	18.864
230.723	78.854	72.787
188.336	47.374	5.059
262.691	73.985	24.561
186.894	50.135	73.8
243.709	84.225	56.076
256.967	86.206	38.503
269.756	86.935	50.657
221.013	30.914	84.309
204.058	70.028	20.888
249.23	81.267	4.227
210.554	67.92	11.572
249.172	40.871	19.776
185.177	47.886	2.942
267.682	30.094	39.368
269.572	86.604	55.727
183.994	61.033	1.87
189.605	44.819	75.943
266.512	85.124	50.893
203.487	73.17	85.767
185.801	65.716	12.033
189.833	87.672	19.96
229.226	41.577	25.401
192.58	63.002	16.225
263.996	35.165	8.984
221.881	83.201	31.99
180.071	40.033	6.875
211.26	30.86	70.045
220.623	72.535	29.914
229.673	32.178	69.189
261.744	40.241	78.036
184.917	58.721	83.532
257.777	47.718	33.938
265.82	0.775	17.134
255.239	78.929	41.096
239.789	35.657	61.83
259.857	87.29	37.833
256.355	84.752	26.662
259.164	82.891	51.948
206.898	29.549	66.321
189.677	50.899	3.692
189.41	54.356	84.888
210.793	39.099	6.218
186.435	37.104	88.16
253.962	20.354	68.386
180.39	49.51	86.536
186.51	48.013	86.943
182.063	60.354	86.46
246.458	78.003	42.669
194.198	25.553	4.312
237.54	85.863	72.471
185.021	56.196	1.178
200.051	33.812	22.676
263.177	83.043	34.3
230.063	23.01	44.328
193.604	70.711	13.824
221.975	36.344	47.207
198.37	79.557	11.014
205.821	39.733	67.917
268.357	64.064	21.891
188.732	53.144	67.711
180.382	52.778	17.414
259.854	75.726	23.921
265.652	16.504	8.141
195.884	18.729	68.634
237.99	21.963	62.377
187.312	31.307	77.492
196.834	51.725	9.174
235.788	72.794	17.392
204.857	29.046	85.537
263.227	88.657	27.046
225.661	3.877	32.735
196.867	60.573	17.403
198.768	27.635	79.178
188.943	61.167	3.977
238.111	80.039	10.591
192.967	62.271	13.651
248.579	40.098	75.042
199.04	35.881	3.192
251.74	27.244	64.107
190.899	60.918	5.752
197.04	13.632	84.93
256.206	69.327	29.656
204.528	59.304	75.943
240.136	71.46	23.418
196.054	66.06	28.021
265.737	89.899	33.715
193.569	84.766	7.21
254.067	70.201	13.063
259.505	85.67	29.411
206.165	78.938	87.517
192.091	64.832	12.198
265.567	89.711	45.444
192.89	44.707	72.204
182.282	27.419	87.058
268.827	88.66	20.965
261.024	89.178	41.747
265.754	89.586	62.086
217.591	75.971	13.829
183.197	88.956	54.178
215.012	75.932	3.087
251.048	28.749	43.43
183.249	71.511	0.407
231.733	82.177	53.977
219.717	35.991	50.264
223.197	81.815	28.291
235.919	34.973	56.186
202.682	36.291	2.197
253.726	69.519	33.644
269.882	82.555	14.247
264.227	10.319	42.271
184.359	32.521	3.071
261.68	82.267	6.782
185.169	42.782	8.531
215.078	73.079	47.078
194.574	18.21	75.69
225.809	19.213	55.332
233.667	33.37	70.098
238.696	50.112	27.016
268.434	25.524	6.683
181.395	48.796	6.287
182.601	62.974	85.399
195.326	49.208	12.184
219.615	76.079	61.286
260.524	77.561	36.478
180.387	76.004	76.467
204.745	43.785	64.39
182.107	34.961	78.137
191.761	58.614	82.073
186.419	53.621	85.119
267.995	87.66	10.756
226.144	82.232	20.768
266.427	63.419	74.962
183.683	56.131	77.569
190.849	33.55	79.491
181.269	52.2	73.858
235.875	22.613	51.39
221.626	35.803	74.583
181.093	88.451	83.466
212.1	37.211	78.025
259.406	79.808	22.295
247.161	83.55	40.467
267.709	69.17	81.367
231.536	41.254	51.492
269.272	89.346	4.96
186.12	53.349	88.901
182.019	45.898	87.668
244.31	74.069	42.378
195.357	78.796	2.763
216.588	39.541	62.868
194.881	47.234	6.337
269.363	73.373	36.511
187.586	61.502	10.674
185.499	56.662	83.867
257.681	87.101	28.373
257.898	83.198	41.085
256.409	83.886	27.722
194.81	53.183	2.063
181.931	78.722	88.105
242.533	84.257	34.586
214.435	73.799	69.908
263.988	86.45	55.299
258.247	88.19	44.265
243.723	81.355	16.985
260.159	18.548	18.381
269.569	85.047	58.872
189.984	55.101	2.304
182.228	61.482	83.35
191.371	30.778	0.596
200.564	45.029	78.574
199.795	78.285	19.46
241.415	30.531	38.234
205.382	69.115	86.185
266.644	80.169	35.218
185.26	61.452	11.687
211.968	45.561	86.91
186.095	14.888	0.706
241.693	58.051	28.422
266.773	79.068	34.402
191.14	21.808	79.186
220.425	28.006	67.851
182.631	64.264	4.793
197.433	47.824	4.535
187.323	57.967	7.312
230.042	81.584	32.018
263.735	77.174	15.634
180.118	54.097	88.66
250.144	22.853	27.387
217.168	78.535	61.229
246.804	28.273	48.558
213.622	36.353	65.129
184.996	71.068	8.506
182.263	59.267	84.402
262.919	84.234	56.938
255.915	81.928	24.731
181.055	56.687	11.907
258.741	86.431	23.778
210.197	60.835	11.396
267.078	36.465	26.217
221.01	27.022	62.168
181.923	34.346	3.01
255.86	66.028	27.395
182.17	46.395	89.316
218.799	48.668	82.727
269.459	29.028	49.857
266.308	81.815	28.774
202.778	35.165	74.08
199.856	82.166	21.377
212.309	29.62	67.549
255.382	85.582	28.615
180.942	62.589	7.976
264.507	83.075	44.268
258.519	6.506	11.555
189.465	36.752	6.131
269.654	85.061	7.971
263.032	86.313	58.584
267.02	81.179	32.084
232.827	79.127	50.923
183.054	58.031	83.666
180.629	75.704	30.084
230.55	57.835	25.747
181.695	69.106	2.917
260.584	72.662	60.569
214.995	87.287	26.308
193.879	46.187	84.13
263.012	89.935	61.042
259.642	83.951	23.484
181.239	47.881	74.399
265.27	79.78	31.122
265.96	88.753	77.887
212.166	68.838	70.845
259.678	89.021	31.985
256.843	71.828	21.545
192.44	11.343	84.584
184.172	55.061	74.877
184.433	62.67	89.039
243.852	79.833	51.61
188.02	73.258	24.679
265.718	43.402	34.679
260.623	87.609	38.497
259.826	86.735	56.595
259.802	81.345	28.274
242.061	11.745	21.408
268.627	81.999	7.518
263.685	86.262	17.757
198.142	35.225	2.565
182.612	66.869	25.39
253.259	33.844	23.141
261.345	79.106	30.507
194.577	67.979	23.141
192.602	7.388	75.443
202.232	38.42	76.275
212.647	13.72	66.483
183.359	56.091	13.198
188.564	31.735	80.648
184.065	50.844	72.597
209.461	28.723	75.517
187.114	74.2	77.917
258.214	48.133	17.087
257.637	84.61	32.765
185.095	35.979	6.185
223.186	23.514	45.007
267.053	89.029	25.467
262.603	83.36	60.226
256.283	81.453	38.961
256.198	15.124	27.283
253.995	77.24	9.149
183.969	63.127	78.428
260.977	81.986	10.33
260.431	86.39	8.894
260.244	27.552	65.552
183.488	45.009	19.779
188.394	61.756	87.273
248.54	13.248	40.181
216.253	46.667	63.231
185.076	59.416	2.813
228.13	28.317	86.902
269.978	85.368	21.984
196.639	40.168	67.793
184.614	60.287	2.64
181.263	30.348	6.705
215.267	34.744	65.22
264.595	18.238	49.437
180.316	80.449	86.482
260.156	89.243	21.169
227.594	30.352	60.517
188.559	70.781	11.346
263.392	89.967	29.12
191.22	51.883	83.191
255.602	85.456	48.836
194.203	52.408	77.637
184.353	38.491	0.629
200.751	81.375	14.365
188.924	52.988	82.743
267.652	9.118	3.194
264.435	80.557	23.369
236.669	82.214	33.457
180.294	43.767	15.549
246.546	67.714	21.781
198.07	44.523	81.647
195.252	62.915	16.411
180.324	66.808	76.561
267.322	79.829	29.837
185.812	30.279	80.931
227.421	25.411	57.529
249.837	15.003	39.214
188.668	39.315	82.51
180.214	40.614	73.657
267.781	78.981	39.113
223.422	62.111	19.309
183.538	51.159	88.099
186.109	51.75	86.723
190.948	83.39	21.74
188.141	70.552	69.315
185.205	48.374	8.762
208.576	42.306	67.848
247.183	20.168	76.931
183.604	62.008	5.007
195.953	31.778	72.732
188.918	55.59	78.969
229.682	31.01	87.61
219.684	56.971	87.503
261.277	84.645	16.153
267.855	79.109	31.004
189.344	51.707	83.117
264.531	87.028	65.511
229.391	77.577	74.58
263.312	84.102	33.353
189.937	69.668	19.99
219.747	55.029	5.493
233.824	85.907	42.7
198.048	43.812	11.108
266.355	89.904	83.235
247.255	74.978	34.855
262.048	83.896	78.662
264.658	82.837	39.467
250.6	6.365	25.725
180.981	46.126	86.943
222.035	43.341	6.262
247.23	69.711	35.251
187.806	61.217	77.893
262.329	81.578	20.724
197.309	53.445	17.411
243.654	68.962	26.731
226.141	81.292	23.987
180.939	78.683	87.179
210.051	84.41	77.703
203.674	26.693	73.355
203.783	14.027	66.431
184.469	63.027	2.758
262.136	85.528	43.598
192.646	84.167	87.407
263.243	84.712	41.115
185.153	41.805	4.601
220.115	71.037	15.785
185.216	55.329	8.155
180.379	42.962	1.838
188.99	52.639	11.877
231.245	40.422	65.151
254.328	82.165	25.772
181.736	82.491	5.356
263.853	83.071	47.83
208.115	21.347	65.253
217.187	42.275	73.309
190.171	66.358	76.695
250.864	88.615	42.098
266.111	80.016	41.398
190.652	35.588	10.599
195.033	33.938	80.442
241.237	64.863	20.004
191.525	37.737	82.524
187.103	48.003	71.18
261.257	86.574	61.893
189.965	69.702	0.525
184.032	30.067	85.218
205.094	30.189	68.362
194.851	48.432	4.09
252.366	84.174	29.886
246.23	39.21	85.224
183.497	49.708	78.98
195.151	28.46	88.863
261.763	43.044	11.717
268.338	89.656	63.231
180.025	36.845	80.049
265.372	82.006	27.371
191.168	80.314	1.958
185.164	83.647	74.289
182.733	35.222	10.97
180.722	46.864	82.543
191.275	40.546	88.289
242.094	77.246	31.378
241.545	38.045	60.061
193.593	46.354	1.697
203.783	74.158	11.525
223.307	28.901	76.701
192.681	10.191	8.993
259.848	85.652	68.362
187.188	54.588	84.174
268.607	89.119	26.03
265.559	74.052	57.713
253.756	27.351	42.573
182.241	68.902	88.141
232.574	50.297	82.57
263.007	87.252	88.558
193.873	40.13	0.835
230.758	87.334	55.944
228.435	17.934	51.585
186.691	72.262	19.751
264.048	74.167	71.306
196.587	39.334	13.288
256.143	87.758	44.345
191.693	60.305	5.719
186.834	37.312	5.743
184.285	88.618	80.06
268.481	4.054	6.254
242.929	41.426	8.553
194.648	67.374	14.258
207.401	37.769	87.674
266.116	82.955	37.978
183.801	44.082	84.987
248.34	14.383	25.006
249.919	55.475	7.938
184.312	52.971	74.201
247.969	80.282	51.214
263.103	78.392	25.651
203.827	21.685	67.219
234.51	40.648	38.717
267.031	82.657	48.061
213.292	77.484	37.022
260.046	86.769	76.887
238.987	71.896	14.615
181.588	60.136	89.294
229.912	35.21	59.163
229.072	55.745	81.09
264.262	89.014	46.754
257.882	74.644	76.632
185.414	4.2	88.237
195.326	39.891	89.698
182.112	43.726	18.414
183.642	44.16	86.072
198.117	33.351	7.597
212.759	25.626	69.046
185.298	42.423	83.501
201.817	47.488	78.585
264.336	81.903	23.772
222.268	57.479	12.519
258.851	47.933	76.767
188.861	24.503	80.843
192.206	78.749	12.764
257.42	78.351	20.718
235.452	37.367	53.142
249.633	35.08	54.469
267.885	2.901	86.174
237.334	33.322	56.362
256.091	69.304	38.593
210.081	42.327	63.918
251.542	40.994	11.14
188.243	55.573	17.249
253.267	87.807	35.707
190.47	82.533	85.715
268.978	81.002	84.358
180.832	51.092	76.278
183.983	60.259	79.472
184.172	50.083	73.671
263.131	85.616	43.403
248.724	88.395	60.872
184.029	52.498	16.422
209.87	85.845	78.579
203.759	16.754	57.463
182.225	33.913	89.228
190.902	69.564	4.241
261.06	85.17	78.582
180.505	59.104	13.47
219.008	10.963	54.48
248.763	13.271	50.176
183.961	51.455	87.003
180.64	34.991	2.719
209.021	67.894	23.55
250.927	77.91	25.684
190.215	71.885	81.348
189.572	78.082	29.952
194.11	60.289	14.744
220.417	78.053	26.316
182.178	64.426	78.093
208.346	84.987	33.262
259.898	81.555	39.571
214.836	16.486	55.148
233.247	38.821	38.566
227.611	62.248	2.612
200.215	26.735	63.536
183.002	88.755	35.572
185.795	65.062	7.196
208.101	39.896	73.899
267.069	89.47	27.013
257.821	87.502	50.399
265.32	89.468	54.351
186.477	33.935	78.497
255.429	77.552	29.507
212.449	26.817	67.505
209.307	86.928	21.232
188.762	64.573	18.864
309.277	101.146	252.787
351.664	132.626	185.059
277.309	106.015	204.561
353.106	129.865	253.8
296.291	95.775	236.076
283.033	93.794	218.503
270.244	93.065	230.657
318.987	149.086	264.309
335.942	109.972	200.888
290.77	98.733	184.227
329.446	112.08	191.572
290.828	139.129	199.776
354.823	132.114	182.942
272.318	149.906	219.368
270.428	93.396	235.727
356.006	118.967	181.87
350.395	135.181	255.943
273.488	94.876	230.893
336.513	106.83	265.767
354.199	114.284	192.033
350.167	92.328	199.96
310.774	138.423	205.401
347.42	116.998	196.225
276.004	144.835	188.984
318.119	96.799	211.99
359.929	139.967	186.875
328.74	149.14	250.045
319.377	107.465	209.914
310.327	147.822	249.189
278.256	139.759	258.036
355.083	121.279	263.532
282.223	132.282	213.938
274.18	179.225	197.134
284.761	101.071	221.096
300.211	144.343	241.83
280.143	92.71	217.833
283.645	95.248	206.662
280.836	97.109	231.948
333.102	150.451	246.321
350.323	129.101	183.692
350.59	125.644	264.888
329.207	140.901	186.218
353.565	142.896	268.16
286.038	159.646	248.386
359.61	130.49	266.536
353.49	131.987	266.943
357.937	119.646	266.46
293.542	101.997	222.669
345.802	154.447	184.312
302.46	94.137	252.471
354.979	123.804	181.178
339.949	146.188	202.676
276.823	96.957	214.3
309.937	156.99	224.328
346.396	109.289	193.824
318.025	143.656	227.207
341.63	100.443	191.014
334.179	140.267	247.917
271.643	115.936	201.891
351.268	126.856	247.711
359.618	127.222	197.414
280.146	104.274	203.921
274.348	163.496	188.141
344.116	161.271	248.634
302.01	158.037	242.377
352.688	148.693	257.492
343.166	128.275	189.174
304.212	107.206	197.392
335.143	150.954	265.537
276.773	91.343	207.046
314.339	176.123	212.735
343.133	119.427	197.403
341.232	152.365	259.178
351.057	118.833	183.977
301.889	99.961	190.591
347.033	117.729	193.651
291.421	139.902	255.042
340.96	144.119	183.192
288.26	152.756	244.107
349.101	119.082	185.752
342.96	166.368	264.93
283.794	110.673	209.656
335.472	120.696	255.943
299.864	108.54	203.418
343.946	113.94	208.021
274.263	90.101	213.715
346.431	95.234	187.21
285.933	109.799	193.063
280.495	94.33	209.411
333.835	101.062	267.517
347.909	115.168	192.198
274.433	90.289	225.444
347.11	135.293	252.204
357.718	152.581	267.058
271.173	91.34	200.965
278.976	90.822	221.747
274.246	90.414	242.086
322.409	104.029	193.829
356.803	91.044	234.178
324.988	104.068	183.087
288.952	151.251	223.43
356.751	108.489	180.407
308.267	97.823	233.977
320.283	144.009	230.264
316.803	98.185	208.291
304.081	145.027	236.186
337.318	143.709	182.197
286.274	110.481	213.644
270.118	97.445	194.247
275.773	169.681	222.271
355.641	147.479	183.071
278.32	97.733	186.782
354.831	137.218	188.531
324.922	106.921	227.078
345.426	161.79	255.69
314.191	160.787	235.332
306.333	146.63	250.098
301.304	129.888	207.016
271.566	154.476	186.683
358.605	131.204	186.287
357.399	117.026	265.399
344.674	130.792	192.184
320.385	103.921	241.286
279.476	102.439	216.478
359.613	103.996	256.467
335.255	136.215	244.39
357.893	145.039	258.137
348.239	121.386	262.073
353.581	126.379	265.119
272.005	92.34	190.756
313.856	97.768	200.768
273.573	116.581	254.962
356.317	123.869	257.569
349.151	146.45	259.491
358.731	127.8	253.858
304.125	157.387	231.39
318.374	144.197	254.583
358.907	91.549	263.466
327.9	142.789	258.025
280.594	100.192	202.295
292.839	96.45	220.467
272.291	110.83	261.367
308.464	138.746	231.492
270.728	90.654	184.96
353.88	126.651	268.901
357.981	134.102	267.668
295.69	105.931	222.378
344.643	101.204	182.763
323.412	140.459	242.868
345.119	132.766	186.337
270.637	106.627	216.511
352.414	118.498	190.674
354.501	123.338	263.867
282.319	92.899	208.373
282.102	96.802	221.085
283.591	96.114	207.722
345.19	126.817	182.063
358.069	101.278	268.105
297.467	95.743	214.586
325.565	106.201	249.908
276.012	93.55	235.299
281.753	91.81	224.265
296.277	98.645	196.985
279.841	161.452	198.381
270.431	94.953	238.872
350.016	124.899	182.304
357.772	118.518	263.35
348.629	149.222	180.596
339.436	134.971	258.574
340.205	101.715	199.46
298.585	149.469	218.234
334.618	110.885	266.185
273.356	99.831	215.218
354.74	118.548	191.687
328.032	134.439	266.91
353.905	165.112	180.706
298.307	121.949	208.422
273.227	100.932	214.402
348.86	158.192	259.186
319.575	151.994	247.851
357.369	115.736	184.793
342.567	132.176	184.535
352.677	122.033	187.312
309.958	98.416	212.018
276.265	102.826	195.634
359.882	125.903	268.66
289.856	157.147	207.387
322.832	101.465	241.229
293.196	151.727	228.558
326.378	143.647	245.129
355.004	108.932	188.506
357.737	120.733	264.402
277.081	95.766	236.938
284.085	98.072	204.731
358.945	123.313	191.907
281.259	93.569	203.778
329.803	119.165	191.396
272.922	143.535	206.217
318.99	152.978	242.168
358.077	145.654	183.01
284.14	113.972	207.395
357.83	133.605	269.316
321.201	131.332	262.727
270.541	150.972	229.857
273.692	98.185	208.774
337.222	144.835	254.08
340.144	97.834	201.377
327.691	150.38	247.549
284.618	94.418	208.615
359.058	117.411	187.976
275.493	96.925	224.268
281.481	173.494	191.555
350.535	143.248	186.131
270.346	94.939	187.971
276.968	93.687	238.584
272.98	98.821	212.084
307.173	100.873	230.923
356.946	121.969	263.666
359.371	104.296	210.084
309.45	122.165	205.747
358.305	110.894	182.917
279.416	107.338	240.569
325.005	92.713	206.308
346.121	133.813	264.13
276.988	90.065	241.042
280.358	96.049	203.484
358.761	132.119	254.399
274.73	100.22	211.122
274.04	91.247	257.887
327.834	111.162	250.845
280.322	90.979	211.985
283.157	108.172	201.545
347.56	168.657	264.584
355.828	124.939	254.877
355.567	117.33	269.039
296.148	100.167	231.61
351.98	106.742	204.679
274.282	136.598	214.679
279.377	92.391	218.497
280.174	93.265	236.595
280.198	98.655	208.274
297.939	168.255	201.408
271.373	98.001	187.518
276.315	93.738	197.757
341.858	144.775	182.565
357.388	113.131	205.39
286.741	146.156	203.141
278.655	100.894	210.507
345.423	112.021	203.141
347.398	172.612	255.443
337.768	141.58	256.275
327.353	166.28	246.483
356.641	123.909	193.198
351.436	148.265	260.648
355.935	129.156	252.597
330.539	151.277	255.517
352.886	105.8	257.917
281.786	131.867	197.087
282.363	95.39	212.765
354.905	144.021	186.185
316.814	156.486	225.007
272.947	90.971	205.467
277.397	96.64	240.226
283.717	98.547	218.961
283.802	164.876	207.283
286.005	102.76	189.149
356.031	116.873	258.428
279.023	98.014	190.33
279.569	93.61	188.894
279.756	152.448	245.552
356.512	134.991	199.779
351.606	118.244	267.273
291.46	166.752	220.181
323.747	133.333	243.231
354.924	120.584	182.813
311.87	151.683	266.902
270.022	94.632	201.984
343.361	139.832	247.793
355.386	119.713	182.64
358.737	149.652	186.705
324.733	145.256	245.22
275.405	161.762	229.437
359.684	99.551	266.482
279.844	90.757	201.169
312.406	149.648	240.517
351.441	109.219	191.346
276.608	90.033	209.12
348.78	128.117	263.191
284.398	94.544	228.836
345.797	127.592	257.637
355.647	141.509	180.629
339.249	98.625	194.365
351.076	127.012	262.743
272.348	170.882	183.194
275.565	99.443	203.369
303.331	97.786	213.457
359.706	136.233	195.549
293.454	112.286	201.781
341.93	135.477	261.647
344.748	117.085	196.411
359.676	113.192	256.561
272.678	100.171	209.837
354.188	149.721	260.931
312.579	154.589	237.529
290.163	164.997	219.214
351.332	140.685	262.51
359.786	139.386	253.657
272.219	101.019	219.113
316.578	117.889	199.309
356.462	128.841	268.099
353.891	128.25	266.723
349.052	96.61	201.74
351.859	109.448	249.315
354.795	131.626	188.762
331.424	137.694	247.848
292.817	159.832	256.931
356.396	117.992	185.007
344.047	148.222	252.732
351.082	124.41	258.969
310.318	148.99	267.61
320.316	123.029	267.503
278.723	95.355	196.153
272.145	100.891	211.004
350.656	128.293	263.117
275.469	92.972	245.511
310.609	102.423	254.58
276.688	95.898	213.353
350.063	110.332	199.99
320.253	124.971	185.493
306.176	94.093	222.7
341.952	136.188	191.108
273.645	90.096	263.235
292.745	105.022	214.855
277.952	96.104	258.662
275.342	97.163	219.467
289.4	173.635	205.725
359.019	133.874	266.943
317.965	136.659	186.262
292.77	110.289	215.251
352.194	118.783	257.893
277.671	98.422	200.724
342.691	126.555	197.411
296.346	111.038	206.731
313.859	98.708	203.987
359.061	101.317	267.179
329.949	95.59	257.703
336.326	153.307	253.355
336.217	165.973	246.431
355.531	116.973	182.758
277.864	94.472	223.598
347.354	95.833	267.407
276.757	95.288	221.115
354.847	138.195	184.601
319.885	108.963	195.785
354.784	124.671	188.155
359.621	137.038	181.838
351.01	127.361	191.877
308.755	139.578	245.151
285.672	97.835	205.772
358.264	97.509	185.356
276.147	96.929	227.83
331.885	158.653	245.253
322.813	137.725	253.309
349.829	113.642	256.695
289.136	91.385	222.098
273.889	99.984	221.398
349.348	144.412	190.599
344.967	146.062	260.442
298.763	115.137	200.004
348.475	142.263	262.524
352.897	131.997	251.18
278.743	93.426	241.893
350.035	110.298	180.525
355.968	149.933	265.218
334.906	149.811	248.362
345.149	131.568	184.09
287.634	95.826	209.886
293.77	140.79	265.224
356.503	130.292	258.98
344.849	151.54	268.863
278.237	136.956	191.717
271.662	90.344	243.231
359.975	143.155	260.049
274.628	97.994	207.371
348.832	99.686	181.958
354.836	96.353	254.289
357.267	144.778	190.97
359.278	133.136	262.543
348.725	139.454	268.289
297.906	102.754	211.378
298.455	141.955	240.061
346.407	133.646	181.697
336.217	105.842	191.525
316.693	151.099	256.701
347.319	169.809	188.993
280.152	94.348	248.362
352.812	125.412	264.174
271.393	90.881	206.03
274.441	105.948	237.713
286.244	152.649	222.573
357.759	111.098	268.141
307.426	129.703	262.57
276.993	92.748	268.558
346.127	139.87	180.835
309.242	92.666	235.944
311.565	162.066	231.585
353.309	107.738	199.751
275.952	105.833	251.306
343.413	140.666	193.288
283.857	92.242	224.345
348.307	119.695	185.719
353.166	142.688	185.743
355.715	91.382	260.06
271.519	175.946	186.254
297.071	138.574	188.553
345.352	112.626	194.258
332.599	142.231	267.674
273.884	97.045	217.978
356.199	135.918	264.987
291.66	165.617	205.006
290.081	124.525	187.938
355.688	127.029	254.201
292.031	99.718	231.214
276.897	101.608	205.651
336.173	158.315	247.219
305.49	139.352	218.717
272.969	97.343	228.061
326.708	102.516	217.022
279.954	93.231	256.887
301.013	108.104	194.615
358.412	119.864	269.294
310.088	144.79	239.163
310.928	124.255	261.09
275.738	90.986	226.754
282.118	105.356	256.632
354.586	175.8	268.237
344.674	140.109	269.698
357.888	136.274	198.414
356.358	135.84	266.072
341.883	146.649	187.597
327.241	154.374	249.046
354.702	137.577	263.501
338.183	132.512	258.585
275.664	98.097	203.772
317.732	122.521	192.519
281.149	132.067	256.767
351.139	155.497	260.843
347.794	101.251	192.764
282.58	101.649	200.718
304.548	142.633	233.142
290.367	144.92	234.469
272.115	177.099	266.174
302.666	146.678	236.362
283.909	110.696	218.593
329.919	137.673	243.918
288.458	139.006	191.14
351.757	124.427	197.249
286.733	92.193	215.707
349.53	97.467	265.715
271.022	98.998	264.358
359.168	128.908	256.278
356.017	119.741	259.472
355.828	129.917	253.671
276.869	94.384	223.403
291.276	91.605	240.872
355.971	127.502	196.422
330.13	94.155	258.579
336.241	163.246	237.463
357.775	146.087	269.228
349.098	110.436	184.241
278.94	94.83	258.582
359.495	120.896	193.47
320.992	169.037	234.48
291.237	166.729	230.176
356.039	128.545	267.003
359.36	145.009	182.719
330.979	112.106	203.55
289.073	102.09	205.684
349.785	108.115	261.348
350.428	101.918	209.952
345.89	119.711	194.744
319.583	101.947	206.316
357.822	115.574	258.093
331.654	95.013	213.262
280.102	98.445	219.571
325.164	163.514	235.148
306.753	141.179	218.566
312.389	117.752	182.612
339.785	153.265	243.536
356.998	91.245	215.572
354.205	114.938	187.196
331.899	140.104	253.899
272.931	90.53	207.013
282.179	92.498	230.399
274.68	90.532	234.351
353.523	146.065	258.497
284.571	102.448	209.507
327.551	153.183	247.505
330.693	93.072	201.232
351.238	115.427	198.864
129.277	101.146	252.787
171.664	132.626	185.059
97.309	106.015	204.561
173.106	129.865	253.8
116.291	95.775	236.076
103.033	93.794	218.503
90.244	93.065	230.657
138.987	149.086	264.309
155.942	109.972	200.888
110.77	98.733	184.227
149.446	112.08	191.572
110.828	139.129	199.776
174.823	132.114	182.942
92.318	149.906	219.368
90.428	93.396	235.727
176.006	118.967	181.87
170.395	135.181	255.943
93.488	94.876	230.893
156.513	106.83	265.767
174.199	114.284	192.033
170.167	92.328	199.96
130.774	138.423	205.401
167.42	116.998	196.225
96.004	144.835	188.984
138.119	96.799	211.99
179.929	139.967	186.875
148.74	149.14	250.045
139.377	107.465	209.914
130.327	147.822	249.189
98.256	139.759	258.036
175.083	121.279	263.532
102.223	132.282	213.938
94.18	179.225	197.134
104.761	101.071	221.096
120.211	144.343	241.83
100.143	92.71	217.833
103.645	95.248	206.662
100.836	97.109	231.948
153.102	150.451	246.321
170.323	129.101	183.692
170.59	125.644	264.888
149.207	140.901	186.218
173.565	142.896	268.16
106.038	159.646	248.386
179.61	130.49	266.536
173.49	131.987	266.943
177.937	119.646	266.46
113.542	101.997	222.669
165.802	154.447	184.312
122.46	94.137	252.471
174.979	123.804	181.178
159.949	146.188	202.676
96.823	96.957	214.3
129.937	156.99	224.328
166.396	109.289	193.824
138.025	143.656	227.207
161.63	100.443	191.014
154.179	140.267	247.917
91.643	115.936	201.891
171.268	126.856	247.711
179.618	127.222	197.414
100.146	104.274	203.921
94.348	163.496	188.141
164.116	161.271	248.634
122.01	158.037	242.377
172.688	148.693	257.492
163.166	128.275	189.174
124.212	107.206	197.392
155.143	150.954	265.537
96.773	91.343	207.046
134.339	176.123	212.735
163.133	119.427	197.403
161.232	152.365	259.178
171.057	118.833	183.977
121.889	99.961	190.591
167.033	117.729	193.651
111.421	139.902	255.042
160.96	144.119	183.192
108.26	152.756	244.107
169.101	119.082	185.752
162.96	166.368	264.93
103.794	110.673	209.656
155.472	120.696	255.943
119.864	108.54	203.418
163.946	113.94	208.021
94.263	90.101	213.715
166.431	95.234	187.21
105.933	109.799	193.063
100.495	94.33	209.411
153.835	101.062	267.517
167.909	115.168	192.198
94.433	90.289	225.444
167.11	135.293	252.204
177.718	152.581	267.058
91.173	91.34	200.965
98.976	90.822	221.747
94.246	90.414	242.086
142.409	104.029	193.829
176.803	91.044	234.178
144.988	104.068	183.087
108.952	151.251	223.43
176.751	108.489	180.407
128.267	97.823	233.977
140.283	144.009	230.264
136.803	98.185	208.291
124.081	145.027	236.186
157.318	143.709	182.197
106.274	110.481	213.644
90.118	97.445	194.247
95.773	169.681	222.271
175.641	147.479	183.071
98.32	97.733	186.782
174.831	137.218	188.531
144.922	106.921	227.078
165.426	161.79	255.69
134.191	160.787	235.332
126.333	146.63	250.098
121.304	129.888	207.016
91.566	154.476	186.683
178.605	131.204	186.287
177.399	117.026	265.399
164.674	130.792	192.184
140.385	103.921	241.286
99.476	102.439	216.478
179.613	103.996	256.467
155.255	136.215	244.39
177.893	145.039	258.137
168.239	121.386	262.073
173.581	126.379	265.119
92.005	92.34	190.756
133.856	97.768	200.768
93.573	116.581	254.962
176.317	123.869	257.569
169.151	146.45	259.491
178.731	127.8	253.858
124.125	157.387	231.39
138.374	144.197	254.583
178.907	91.549	263.466
147.9	142.789	258.025
100.594	100.192	202.295
112.839	96.45	220.467
92.291	110.83	261.367
128.464	138.746	231.492
90.728	90.654	184.96
173.88	126.651	268.901
177.981	134.102	267.668
115.69	105.931	222.378
164.643	101.204	182.763
143.412	140.459	242.868
165.119	132.766	186.337
90.637	106.627	216.511
172.414	118.498	190.674
174.501	123.338	263.867
102.319	92.899	208.373
102.102	96.802	221.085
103.591	96.114	207.722
165.19	126.817	182.063
178.069	101.278	268.105
117.467	95.743	214.586
145.565	106.201	249.908
96.012	93.55	235.299
101.753	91.81	224.265
116.277	98.645	196.985
99.841	161.452	198.381
90.431	94.953	238.872
170.016	124.899	182.304
177.772	118.518	263.35
168.629	149.222	180.596
159.436	134.971	258.574
160.205	101.715	199.46
118.585	149.469	218.234
154.618	110.885	266.185
93.356	99.831	215.218
174.74	118.548	191.687
148.032	134.439	266.91
173.905	165.112	180.706
118.307	121.949	208.422
93.227	100.932	214.402
168.86	158.192	259.186
139.575	151.994	247.851
177.369	115.736	184.793
162.567	132.176	184.535
172.677	122.033	187.312
129.958	98.416	212.018
96.265	102.826	195.634
179.882	125.903	268.66
109.856	157.147	207.387
142.832	101.465	241.229
113.196	151.727	228.558
146.378	143.647	245.129
175.004	108.932	188.506
177.737	120.733	264.402
97.081	95.766	236.938
104.085	98.072	204.731
178.945	123.313	191.907
101.259	93.569	203.778
149.803	119.165	191.396
92.922	143.535	206.217
138.99	152.978	242.168
178.077	145.654	183.01
104.14	113.972	207.395
177.83	133.605	269.316
141.201	131.332	262.727
90.541	150.972	229.857
93.692	98.185	208.774
157.222	144.835	254.08
160.144	97.834	201.377
147.691	150.38	247.549
104.618	94.418	208.615
179.058	117.411	187.976
95.493	96.925	224.268
101.481	173.494	191.555
170.535	143.248	186.131
90.346	94.939	187.971
96.968	93.687	238.584
92.98	98.821	212.084
127.173	100.873	230.923
176.946	121.969	263.666
179.371	104.296	210.084
129.45	122.165	205.747
178.305	110.894	182.917
99.416	107.338	240.569
145.005	92.713	206.308
166.121	133.813	264.13
96.988	90.065	241.042
100.358	96.049	203.484
178.761	132.119	254.399
94.73	100.22	211.122
94.04	91.247	257.887
147.834	111.162	250.845
100.322	90.979	211.985
103.157	108.172	201.545
167.56	168.657	264.584
175.828	124.939	254.877
175.567	117.33	269.039
116.148	100.167	231.61
171.98	106.742	204.679
94.282	136.598	214.679
99.377	92.391	218.497
100.174	93.265	236.595
100.198	98.655	208.274
117.939	168.255	201.408
91.373	98.001	187.518
96.315	93.738	197.757
161.858	144.775	182.565
177.388	113.131	205.39
106.741	146.156	203.141
98.655	100.894	210.507
165.423	112.021	203.141
167.398	172.612	255.443
157.768	141.58	256.275
147.353	166.28	246.483
176.641	123.909	193.198
171.436	148.265	260.648
175.935	129.156	252.597
150.539	151.277	255.517
172.886	105.8	257.917
101.786	131.867	197.087
102.363	95.39	212.765
174.905	144.021	186.185
136.814	156.486	225.007
92.947	90.971	205.467
97.397	96.64	240.226
103.717	98.547	218.961
103.802	164.876	207.283
106.005	102.76	189.149
176.031	116.873	258.428
99.023	98.014	190.33
99.569	93.61	188.894
99.756	152.448	245.552
176.512	134.991	199.779
171.606	118.244	267.273
111.46	166.752	220.181
143.747	133.333	243.231
174.924	120.584	182.813
131.87	151.683	266.902
90.022	94.632	201.984
163.361	139.832	247.793
175.386	119.713	182.64
178.737	149.652	186.705
144.733	145.256	245.22
95.405	161.762	229.437
179.684	99.551	266.482
99.844	90.757	201.169
132.406	149.648	240.517
171.441	109.219	191.346
96.608	90.033	209.12
168.78	128.117	263.191
104.398	94.544	228.836
165.797	127.592	257.637
175.647	141.509	180.629
159.249	98.625	194.365
171.076	127.012	262.743
92.348	170.882	183.194
95.565	99.443	203.369
123.331	97.786	213.457
179.706	136.233	195.549
113.454	112.286	201.781
161.93	135.477	261.647
164.748	117.085	196.411
179.676	113.192	256.561
92.678	100.171	209.837
174.188	149.721	260.931
132.579	154.589	237.529
110.163	164.997	219.214
171.332	140.685	262.51
179.786	139.386	253.657
92.219	101.019	219.113
136.578	117.889	199.309
176.462	128.841	268.099
173.891	128.25	266.723
169.052	96.61	201.74
171.859	109.448	249.315
174.795	131.626	188.762
151.424	137.694	247.848
112.817	159.832	256.931
176.396	117.992	185.007
164.047	148.222	252.732
171.082	124.41	258.969
130.318	148.99	267.61
140.316	123.029	267.503
98.723	95.355	196.153
92.145	100.891	211.004
170.656	128.293	263.117
95.469	92.972	245.511
130.609	102.423	254.58
96.688	95.898	213.353
170.063	110.332	199.99
140.253	124.971	185.493
126.176	94.093	222.7
161.952	136.188	191.108
93.645	90.096	263.235
112.745	105.022	214.855
97.952	96.104	258.662
95.342	97.163	219.467
109.4	173.635	205.725
179.019	133.874	266.943
137.965	136.659	186.262
112.77	110.289	215.251
172.194	118.783	257.893
97.671	98.422	200.724
162.691	126.555	197.411
116.346	111.038	206.731
133.859	98.708	203.987
179.061	101.317	267.179
149.949	95.59	257.703
156.326	153.307	253.355
156.217	165.973	246.431
175.531	116.973	182.758
97.864	94.472	223.598
167.354	95.833	267.407
96.757	95.288	221.115
174.847	138.195	184.601
139.885	108.963	195.785
174.784	124.671	188.155
179.621	137.038	181.838
171.01	127.361	191.877
128.755	139.578	245.151
105.672	97.835	205.772
178.264	97.509	185.356
96.147	96.929	227.83
151.885	158.653	245.253
142.813	137.725	253.309
169.829	113.642	256.695
109.136	91.385	222.098
93.889	99.984	221.398
169.348	144.412	190.599
164.967	146.062	260.442
118.763	115.137	200.004
168.475	142.263	262.524
172.897	131.997	251.18
98.743	93.426	241.893
170.035	110.298	180.525
175.968	149.933	265.218
154.906	149.811	248.362
165.149	131.568	184.09
107.634	95.826	209.886
113.77	140.79	265.224
176.503	130.292	258.98
164.849	151.54	268.863
98.237	136.956	191.717
91.662	90.344	243.231
179.975	143.155	260.049
94.628	97.994	207.371
168.832	99.686	181.958
174.836	96.353	254.289
177.267	144.778	190.97
179.278	133.136	262.543
168.725	139.454	268.289
117.906	102.754	211.378
118.455	141.955	240.061
166.407	133.646	181.697
156.217	105.842	191.525
136.693	151.099	256.701
167.319	169.809	188.993
100.152	94.348	248.362
172.812	125.412	264.174
91.393	90.881	206.03
94.441	105.948	237.713
106.244	152.649	222.573
177.759	111.098	268.141
127.426	129.703	262.57
96.993	92.748	268.558
166.127	139.87	180.835
129.242	92.666	235.944
131.565	162.066	231.585
173.309	107.738	199.751
95.952	105.833	251.306
163.413	140.666	193.288
103.857	92.242	224.345
168.307	119.695	185.719
173.166	142.688	185.743
175.715	91.382	260.06
91.519	175.946	186.254
117.071	138.574	188.553
165.352	112.626	194.258
152.599	142.231	267.674
93.884	97.045	217.978
176.199	135.918	264.987
111.66	165.617	205.006
110.081	124.525	187.938
175.688	127.029	254.201
112.031	99.718	231.214
96.897	101.608	205.651
156.173	158.315	247.219
125.49	139.352	218.717
92.969	97.343	228.061
146.708	102.516	217.022
99.954	93.231	256.887
121.013	108.104	194.615
178.412	119.864	269.294
130.088	144.79	239.163
130.928	124.255	261.09
95.738	90.986	226.754
102.118	105.356	256.632
174.586	175.8	268.237
164.674	140.109	269.698
177.888	136.274	198.414
176.358	135.84	266.072
161.883	146.649	187.597
147.241	154.374	249.046
174.702	137.577	263.501
158.183	132.512	258.585
95.664	98.097	203.772
137.732	122.521	192.519
101.149	132.067	256.767
171.139	155.497	260.843
167.794	101.251	192.764
102.58	101.649	200.718
124.548	142.633	233.142
110.367	144.92	234.469
92.115	177.099	266.174
122.666	146.678	236.362
103.909	110.696	218.593
149.919	137.673	243.918
108.458	139.006	191.14
171.757	124.427	197.249
106.733	92.193	215.707
169.53	97.467	265.715
91.022	98.998	264.358
179.168	128.908	256.278
176.017	119.741	259.472
175.828	129.917	253.671
96.869	94.384	223.403
111.276	91.605	240.872
175.971	127.502	196.422
150.13	94.155	258.579
156.241	163.246	237.463
177.775	146.087	269.228
169.098	110.436	184.241
98.94	94.83	258.582
179.495	120.896	193.47
140.992	169.037	234.48
111.237	166.729	230.176
176.039	128.545	267.003
179.36	145.009	182.719
150.979	112.106	203.55
109.073	102.09	205.684
169.785	108.115	261.348
170.428	101.918	209.952
165.89	119.711	194.744
139.583	101.947	206.316
177.822	115.574	258.093
151.654	95.013	213.262
100.102	98.445	219.571
145.164	163.514	235.148
126.753	141.179	218.566
132.389	117.752	182.612
159.785	153.265	243.536
176.998	91.245	215.572
174.205	114.938	187.196
151.899	140.104	253.899
92.931	90.53	207.013
102.179	92.498	230.399
94.68	90.532	234.351
173.523	146.065	258.497
104.571	102.448	209.507
147.551	153.183	247.505
150.693	93.072	201.232
171.238	115.427	198.864
		
		
		
		
