50.723	78.854	72.787
8.336	47.374	5.059
82.691	73.985	24.561
56.265	84.584	39.395
63.709	84.225	56.076
76.967	86.206	38.503
22.962	46.842	85.075
24.533	47.122	82.002
41.013	30.914	84.309
24.058	70.028	20.888
30.554	67.92	11.572
69.172	40.871	19.776
5.177	47.886	2.942
25.994	53.355	79.549
87.682	30.094	39.368
89.572	86.604	55.727
19.578	55.766	16.043
73.723	89.67	44.221
86.512	85.124	50.893
23.487	73.17	85.767
49.226	41.577	25.401
83.996	35.165	8.984
65.214	87.194	29.112
16.823	52.087	3.848
40.623	72.535	29.914
49.673	32.178	69.189
77.777	47.718	33.938
75.239	78.929	41.096
59.789	35.657	61.83
48.369	40.737	74.863
22.904	49.946	88.151
79.857	87.29	37.833
79.656	89.239	45.85
76.355	84.752	26.662
79.164	82.891	51.948
9.677	50.899	3.692
30.793	39.099	6.218
0.39	49.51	86.536
6.51	48.013	86.943
66.458	78.003	42.669
14.198	25.553	4.312
69.535	84.643	37.789
57.54	85.863	72.471
20.051	33.812	22.676
88.357	64.064	21.891
8.732	53.144	67.711
39.129	43.529	74.943
57.99	21.963	62.377
16.834	51.725	9.174
55.788	72.794	17.392
24.857	29.046	85.537
16.867	60.573	17.403
29.752	35.183	84.699
21.693	52.443	62.179
12.967	62.271	13.651
19.04	35.881	3.192
71.74	27.244	64.107
17.743	51.515	83.974
24.528	59.304	75.943
60.136	71.46	23.418
16.054	66.06	28.021
64.42	86.699	32.993
85.567	89.711	45.444
12.89	44.707	72.204
81.024	89.178	41.747
85.754	89.586	62.086
37.591	75.971	13.829
3.197	88.956	54.178
35.012	75.932	3.087
71.048	28.749	43.43
43.197	81.815	28.291
22.682	36.291	2.197
24.676	46.017	82.661
18.383	55.195	82.309
84.227	10.319	42.271
5.169	42.782	8.531
35.078	73.079	47.078
14.574	18.21	75.69
23.034	60.045	12.077
53.667	33.37	70.098
58.696	50.112	27.016
88.434	25.524	6.683
15.326	49.208	12.184
39.615	76.079	61.286
18.9	51.785	89.629
24.745	43.785	64.39
64.124	83.363	41.458
23.001	38.709	82.123
28.925	44.275	1.675
46.144	82.232	20.768
86.427	63.419	74.962
10.849	33.55	79.491
1.269	52.2	73.858
41.626	35.803	74.583
21.443	48.933	7.551
32.1	37.211	78.025
67.161	83.55	40.467
63.533	75.692	33.732
23.259	52.644	10.215
51.536	41.254	51.492
2.019	45.898	87.668
64.31	74.069	42.378
77.994	86.413	46.512
68.733	83.226	53.359
14.881	47.234	6.337
7.586	61.502	10.674
77.681	87.101	28.373
77.898	83.198	41.085
54.606	34.103	59.669
26.758	42.462	0.827
14.81	53.183	2.063
62.533	84.257	34.586
34.435	73.799	69.908
22.501	48.856	89.599
27.332	45.763	89.918
83.988	86.45	55.299
78.247	88.19	44.265
63.723	81.355	16.985
80.159	18.548	18.381
89.569	85.047	58.872
9.984	55.101	2.304
20.564	45.029	78.574
61.415	30.531	38.234
68.917	81.907	38.83
25.382	69.115	86.185
5.26	61.452	11.687
31.968	45.561	86.91
22.157	49.238	1.901
49.044	46.375	73.561
61.693	58.051	28.422
40.425	28.006	67.851
2.631	64.264	4.793
17.433	47.824	4.535
35.55	40.999	80.568
7.323	57.967	7.312
21.517	45.106	84.391
50.042	81.584	32.018
1.39	43.503	1.508
70.144	22.853	27.387
37.168	78.535	61.229
66.804	28.273	48.558
65.222	88.608	47.819
75.915	81.928	24.731
31.276	42.993	80.793
1.055	56.687	11.907
26.5	52.216	6.677
30.197	60.835	11.396
87.078	36.465	26.217
75.86	66.028	27.395
2.17	46.395	89.316
38.799	48.668	82.727
89.459	29.028	49.857
22.778	35.165	74.08
19.856	82.166	21.377
32.309	29.62	67.549
84.507	83.075	44.268
24.14	58.319	10.643
9.465	36.752	6.131
52.827	79.127	50.923
0.629	75.704	30.084
30.337	39.312	4.364
80.584	72.662	60.569
13.879	46.187	84.13
52.956	22.513	68.167
1.239	47.881	74.399
32.166	68.838	70.845
25.036	52.289	16.711
63.852	79.833	51.61
85.718	43.402	34.679
80.623	87.609	38.497
79.826	86.735	56.595
62.061	11.745	21.408
18.142	35.225	2.565
61.976	80.316	48.174
2.612	66.869	25.39
73.259	33.844	23.141
81.345	79.106	30.507
18.029	50.083	3.977
4.065	50.844	72.597
29.461	28.723	75.517
72.55	68.448	50.953
78.214	48.133	17.087
61.8	84.642	46.748
23.473	43.231	87.704
43.186	23.514	45.007
67.164	78.024	39.678
76.283	81.453	38.961
80.244	27.552	65.552
3.488	45.009	19.779
68.54	13.248	40.181
22.262	56.084	3.345
48.13	28.317	86.902
84.595	18.238	49.437
63.283	87.233	43.872
47.594	30.352	60.517
8.559	70.781	11.346
11.22	51.883	83.191
75.602	85.456	48.836
14.203	52.408	77.637
4.353	38.491	0.629
20.751	81.375	14.365
8.924	52.988	82.743
84.435	80.557	23.369
56.669	82.214	33.457
0.294	43.767	15.549
18.07	44.523	81.647
7.779	38.757	17.238
0.324	66.808	76.561
5.812	30.279	80.931
8.668	39.315	82.51
10.363	50.894	0.277
0.214	40.614	73.657
87.781	78.981	39.113
43.422	62.111	19.309
18.219	53.801	15.447
3.538	51.159	88.099
20.71	47.329	84.284
82.543	52.379	37.204
6.109	51.75	86.723
23.995	52.879	15.917
62.83	89.334	38.385
12.687	50.13	87.371
5.26	37.574	11.058
23.646	50.324	0.001
5.205	48.374	8.762
36.174	47.315	82.826
19.485	45.377	0.093
8.918	55.59	78.969
49.682	31.01	87.61
20.688	43.503	86.232
73.319	89.967	41.189
9.344	51.707	83.117
60.342	87.15	36.69
9.937	69.668	19.99
39.747	55.029	5.493
53.824	85.907	42.7
50.786	34.982	72.388
18.048	43.812	11.108
63.767	87.308	33.196
74.143	88.704	43.474
19.771	51.049	76.377
67.255	74.978	34.855
18.762	41.682	88.943
0.981	46.126	86.943
42.035	43.341	6.262
17.309	53.445	17.411
19.82	51.081	8.66
30.051	84.41	77.703
23.674	26.693	73.355
82.136	85.528	43.598
35.383	52.359	80.56
56.48	89.196	45.905
12.646	84.167	87.407
83.243	84.712	41.115
5.153	41.805	4.601
40.115	71.037	15.785
0.379	42.962	1.838
8.99	52.639	11.877
51.245	40.422	65.151
83.853	83.071	47.83
37.187	42.275	73.309
17.255	40.304	1.535
70.864	88.615	42.098
10.652	35.588	10.599
12.195	44.863	6.699
15.033	33.938	80.442
61.237	64.863	20.004
11.525	37.737	82.524
14.851	48.432	4.09
72.366	84.174	29.886
66.23	39.21	85.224
3.497	49.708	78.98
31.298	48.691	83.614
27.233	38.446	0.997
0.025	36.845	80.049
85.372	82.006	27.371
2.733	35.222	10.97
0.722	46.864	82.543
11.275	40.546	88.289
62.094	77.246	31.378
61.545	38.045	60.061
13.593	46.354	1.697
49.044	23.802	70.361
26.541	51.227	6.894
23.783	74.158	11.525
43.307	28.901	76.701
12.681	10.191	8.993
85.559	74.052	57.713
30.403	37.324	88.143
12.676	39.744	2.804
68.458	89.78	47.298
13.873	40.13	0.835
48.435	17.934	51.585
16.587	39.334	13.288
76.143	87.758	44.345
67.219	80.878	33.817
6.834	37.312	5.743
20.059	56.366	9.918
62.929	41.426	8.553
27.401	37.769	87.674
71.765	83.472	39.623
86.116	82.955	37.978
64.599	88.487	50.341
3.801	44.082	84.987
67.969	80.282	51.214
20.732	49.047	13.343
59.49	88.218	32.087
72.8	89.704	37.92
87.031	82.657	48.061
33.292	77.484	37.022
17.903	52.26	89.824
58.987	71.896	14.615
1.588	60.136	89.294
75.55	52.481	47.451
49.912	35.21	59.163
49.072	55.745	81.09
84.262	89.014	46.754
50.204	27.316	76.865
77.882	74.644	76.632
15.326	39.891	89.698
2.112	43.726	18.414
3.642	44.16	86.072
18.117	33.351	7.597
32.759	25.626	69.046
5.298	42.423	83.501
26.467	55.541	15.576
21.817	47.488	78.585
39.132	50.153	0.717
42.268	57.479	12.519
69.633	35.08	54.469
57.334	33.322	56.362
73.267	87.807	35.707
0.832	51.092	76.278
83.131	85.616	43.403
68.724	88.395	60.872
65.541	83.854	43.672
25.451	37.614	82.537
3.961	51.455	87.003
29.021	67.894	23.55
70.927	77.91	25.684
40.417	78.053	26.316
28.346	84.987	33.262
29.917	54.637	85.839
85.235	89.066	42.702
47.611	62.248	2.612
37.478	40.541	84.647
28.101	39.896	73.899
77.821	87.502	50.399
85.32	89.468	54.351
6.477	33.935	78.497
75.429	77.552	29.507
35.075	65.406	12.591
50.577	52.368	80.65
50.638	58.874	75.992
79.673	84.107	45.413
33.424	63.264	11.368
36.229	39.826	88.912
73.515	88.73	29.183
34.553	39.168	10.575
3.991	43.126	5.881
88.011	63.965	38.412
57.891	79.509	36.665
26.08	25.041	77.964
58.869	82.842	37.811
33.77	47.678	81.65
17.381	38.344	0.648
7.718	49.434	5.625
19.353	47.313	75.992
23.058	48.631	15.131
29.359	61.201	12.118
86.435	51.328	4.746
25.843	35.128	61.047
54.656	86.585	31.054
36.5	76.272	27.45
30.776	62.705	16.788
28.692	78.244	15.107
55.65	73.672	28.851
31.213	35.235	70.603
81.153	40.9	40.079
16.568	47.243	81.944
0.901	51.401	74.402
23.259	53.608	6.927
9.438	41.587	87.382
64.272	79.011	69.21
34.031	42.338	79.244
40.763	41.328	70.685
79.178	81.87	37.728
20.872	39.727	88.715
22.097	53.747	8.064
24.182	53.109	12.599
44.938	32.096	51.093
14.299	69.119	12.646
25.275	47.77	77.549
84.067	88.456	47.619
56.189	29.386	75.846
19.6	61.051	18.375
23.668	31.334	81.068
17.54	52.452	17.18
47.924	88.968	54.818
26.964	49.476	88.654
0.939	46.612	83.782
23.588	41.471	2.346
1.42	59.339	87.292
77.179	81.937	38.956
47.3	71.821	24.215
70.056	84.194	45.051
76.561	89.043	51.308
0.511	38.835	86.819
27.733	61.735	20.435
63.217	82.948	33.757
10.141	47.626	88.467
74.193	88.097	45.584
31.216	29.737	55.255
66.046	79.453	36.767
28.661	40.328	80.961
65.546	31.121	74.753
1.936	49.116	9.492
76.959	82.528	52.077
1.118	51.821	1.189
13.695	41.081	7.941
6.963	39.935	66.085
23.034	40.675	87.668
86.74	37.309	29.293
19.04	55.785	10.668
19.026	45.744	79.626
11.294	54.166	70.188
85.707	82.749	24.437
27.733	30.638	79.958
74.124	75.67	15.195
25.758	57.715	8.487
65.239	84.696	37.234
8.193	70.275	8.531
10.33	47.791	82.839
58.353	73.088	27.362
21.449	41.172	83.037
72.037	82.958	29.387
53.491	81.709	41.697
62.391	28.376	80.477
65.651	83.854	29.48
28.024	31.287	84.018
17.815	48.184	88.533
29.428	44.335	79.115
80.491	80.222	1.25
15.112	55.964	3.821
33.99	36.229	72.007
2.351	40.64	4.312
25.552	41.471	4.895
11.745	43.671	82.73
9.149	65.62	30.304
13.544	51.95	85.611
68.318	82.837	51.165
51.953	21.538	48.608
17.537	44.66	83.836
84.965	89.983	49.02
16.675	55.369	88.154
8.682	38.203	86.712
59.449	60.946	25.89
70.463	85.998	35.833
56.576	81.513	33.572
31.474	54.637	0.461
57.232	83.193	44.724
56.156	30.41	87.819
18.606	43.414	7.172
85.204	83.62	45.199
7.938	69.394	89.366
18.93	63.233	14.447
43.84	36.012	6.935
14.799	50.158	84.562
31.787	41.873	76.283
12.206	49.813	2.933
56.647	58.458	87.3
36.973	32.845	69.455
76.739	85.238	39.709
82.287	89.788	65.851
28.024	56.545	2.554
84.553	80.667	25.429
61.122	77.398	14.28
22.089	31.441	16.903
23.218	53.577	89.706
11.547	49.95	82.631
1.003	47.68	74.415
89.286	88.279	43.48
63.459	82.371	50.97
26.519	50.042	5.136
72.916	84.468	47.031
40.708	16.042	62.995
44.416	81.002	31.718
44.199	55.842	41.67
39.972	83.02	32.886
82.167	84.921	55.579
77.255	86.541	42.562
17.59	49.441	48.841
70.488	78.049	35.671
61.415	80.646	34.32
10.421	51.435	13.599
3.505	28.05	0.766
69.776	76.283	45.169
65.269	74.541	22.564
11.248	39.984	82.466
27.447	41.852	89.725
230.723	78.854	72.787
188.336	47.374	5.059
262.691	73.985	24.561
236.265	84.584	39.395
243.709	84.225	56.076
256.967	86.206	38.503
202.962	46.842	85.075
204.533	47.122	82.002
221.013	30.914	84.309
204.058	70.028	20.888
210.554	67.92	11.572
249.172	40.871	19.776
185.177	47.886	2.942
205.994	53.355	79.549
267.682	30.094	39.368
269.572	86.604	55.727
199.578	55.766	16.043
253.723	89.67	44.221
266.512	85.124	50.893
203.487	73.17	85.767
229.226	41.577	25.401
263.996	35.165	8.984
245.214	87.194	29.112
196.823	52.087	3.848
220.623	72.535	29.914
229.673	32.178	69.189
257.777	47.718	33.938
255.239	78.929	41.096
239.789	35.657	61.83
228.369	40.737	74.863
202.904	49.946	88.151
259.857	87.29	37.833
259.656	89.239	45.85
256.355	84.752	26.662
259.164	82.891	51.948
189.677	50.899	3.692
210.793	39.099	6.218
180.39	49.51	86.536
186.51	48.013	86.943
246.458	78.003	42.669
194.198	25.553	4.312
249.535	84.643	37.789
237.54	85.863	72.471
200.051	33.812	22.676
268.357	64.064	21.891
188.732	53.144	67.711
219.129	43.529	74.943
237.99	21.963	62.377
196.834	51.725	9.174
235.788	72.794	17.392
204.857	29.046	85.537
196.867	60.573	17.403
209.752	35.183	84.699
201.693	52.443	62.179
192.967	62.271	13.651
199.04	35.881	3.192
251.74	27.244	64.107
197.743	51.515	83.974
204.528	59.304	75.943
240.136	71.46	23.418
196.054	66.06	28.021
244.42	86.699	32.993
265.567	89.711	45.444
192.89	44.707	72.204
261.024	89.178	41.747
265.754	89.586	62.086
217.591	75.971	13.829
183.197	88.956	54.178
215.012	75.932	3.087
251.048	28.749	43.43
223.197	81.815	28.291
202.682	36.291	2.197
204.676	46.017	82.661
198.383	55.195	82.309
264.227	10.319	42.271
185.169	42.782	8.531
215.078	73.079	47.078
194.574	18.21	75.69
203.034	60.045	12.077
233.667	33.37	70.098
238.696	50.112	27.016
268.434	25.524	6.683
195.326	49.208	12.184
219.615	76.079	61.286
198.9	51.785	89.629
204.745	43.785	64.39
244.124	83.363	41.458
203.001	38.709	82.123
208.925	44.275	1.675
226.144	82.232	20.768
266.427	63.419	74.962
190.849	33.55	79.491
181.269	52.2	73.858
221.626	35.803	74.583
201.443	48.933	7.551
212.1	37.211	78.025
247.161	83.55	40.467
243.533	75.692	33.732
203.259	52.644	10.215
231.536	41.254	51.492
182.019	45.898	87.668
244.31	74.069	42.378
257.994	86.413	46.512
248.733	83.226	53.359
194.881	47.234	6.337
187.586	61.502	10.674
257.681	87.101	28.373
257.898	83.198	41.085
234.606	34.103	59.669
206.758	42.462	0.827
194.81	53.183	2.063
242.533	84.257	34.586
214.435	73.799	69.908
202.501	48.856	89.599
207.332	45.763	89.918
263.988	86.45	55.299
258.247	88.19	44.265
243.723	81.355	16.985
260.159	18.548	18.381
269.569	85.047	58.872
189.984	55.101	2.304
200.564	45.029	78.574
241.415	30.531	38.234
248.917	81.907	38.83
205.382	69.115	86.185
185.26	61.452	11.687
211.968	45.561	86.91
202.157	49.238	1.901
229.044	46.375	73.561
241.693	58.051	28.422
220.425	28.006	67.851
182.631	64.264	4.793
197.433	47.824	4.535
215.55	40.999	80.568
187.323	57.967	7.312
201.517	45.106	84.391
230.042	81.584	32.018
181.39	43.503	1.508
250.144	22.853	27.387
217.168	78.535	61.229
246.804	28.273	48.558
245.222	88.608	47.819
255.915	81.928	24.731
211.276	42.993	80.793
181.055	56.687	11.907
206.5	52.216	6.677
210.197	60.835	11.396
267.078	36.465	26.217
255.86	66.028	27.395
182.17	46.395	89.316
218.799	48.668	82.727
269.459	29.028	49.857
202.778	35.165	74.08
199.856	82.166	21.377
212.309	29.62	67.549
264.507	83.075	44.268
204.14	58.319	10.643
189.465	36.752	6.131
232.827	79.127	50.923
180.629	75.704	30.084
210.337	39.312	4.364
260.584	72.662	60.569
193.879	46.187	84.13
232.956	22.513	68.167
181.239	47.881	74.399
212.166	68.838	70.845
205.036	52.289	16.711
243.852	79.833	51.61
265.718	43.402	34.679
260.623	87.609	38.497
259.826	86.735	56.595
242.061	11.745	21.408
198.142	35.225	2.565
241.976	80.316	48.174
182.612	66.869	25.39
253.259	33.844	23.141
261.345	79.106	30.507
198.029	50.083	3.977
184.065	50.844	72.597
209.461	28.723	75.517
252.55	68.448	50.953
258.214	48.133	17.087
241.8	84.642	46.748
203.473	43.231	87.704
223.186	23.514	45.007
247.164	78.024	39.678
256.283	81.453	38.961
260.244	27.552	65.552
183.488	45.009	19.779
248.54	13.248	40.181
202.262	56.084	3.345
228.13	28.317	86.902
264.595	18.238	49.437
243.283	87.233	43.872
227.594	30.352	60.517
188.559	70.781	11.346
191.22	51.883	83.191
255.602	85.456	48.836
194.203	52.408	77.637
184.353	38.491	0.629
200.751	81.375	14.365
188.924	52.988	82.743
264.435	80.557	23.369
236.669	82.214	33.457
180.294	43.767	15.549
198.07	44.523	81.647
187.779	38.757	17.238
180.324	66.808	76.561
185.812	30.279	80.931
188.668	39.315	82.51
190.363	50.894	0.277
180.214	40.614	73.657
267.781	78.981	39.113
223.422	62.111	19.309
198.219	53.801	15.447
183.538	51.159	88.099
200.71	47.329	84.284
262.543	52.379	37.204
186.109	51.75	86.723
203.995	52.879	15.917
242.83	89.334	38.385
192.687	50.13	87.371
185.26	37.574	11.058
203.646	50.324	0.001
185.205	48.374	8.762
216.174	47.315	82.826
199.485	45.377	0.093
188.918	55.59	78.969
229.682	31.01	87.61
200.688	43.503	86.232
253.319	89.967	41.189
189.344	51.707	83.117
240.342	87.15	36.69
189.937	69.668	19.99
219.747	55.029	5.493
233.824	85.907	42.7
230.786	34.982	72.388
198.048	43.812	11.108
243.767	87.308	33.196
254.143	88.704	43.474
199.771	51.049	76.377
247.255	74.978	34.855
198.762	41.682	88.943
180.981	46.126	86.943
222.035	43.341	6.262
197.309	53.445	17.411
199.82	51.081	8.66
210.051	84.41	77.703
203.674	26.693	73.355
262.136	85.528	43.598
215.383	52.359	80.56
236.48	89.196	45.905
192.646	84.167	87.407
263.243	84.712	41.115
185.153	41.805	4.601
220.115	71.037	15.785
180.379	42.962	1.838
188.99	52.639	11.877
231.245	40.422	65.151
263.853	83.071	47.83
217.187	42.275	73.309
197.255	40.304	1.535
250.864	88.615	42.098
190.652	35.588	10.599
192.195	44.863	6.699
195.033	33.938	80.442
241.237	64.863	20.004
191.525	37.737	82.524
194.851	48.432	4.09
252.366	84.174	29.886
246.23	39.21	85.224
183.497	49.708	78.98
211.298	48.691	83.614
207.233	38.446	0.997
180.025	36.845	80.049
265.372	82.006	27.371
182.733	35.222	10.97
180.722	46.864	82.543
191.275	40.546	88.289
242.094	77.246	31.378
241.545	38.045	60.061
193.593	46.354	1.697
229.044	23.802	70.361
206.541	51.227	6.894
203.783	74.158	11.525
223.307	28.901	76.701
192.681	10.191	8.993
265.559	74.052	57.713
210.403	37.324	88.143
192.676	39.744	2.804
248.458	89.78	47.298
193.873	40.13	0.835
228.435	17.934	51.585
196.587	39.334	13.288
256.143	87.758	44.345
247.219	80.878	33.817
186.834	37.312	5.743
200.059	56.366	9.918
242.929	41.426	8.553
207.401	37.769	87.674
251.765	83.472	39.623
266.116	82.955	37.978
244.599	88.487	50.341
183.801	44.082	84.987
247.969	80.282	51.214
200.732	49.047	13.343
239.49	88.218	32.087
252.8	89.704	37.92
267.031	82.657	48.061
213.292	77.484	37.022
197.903	52.26	89.824
238.987	71.896	14.615
181.588	60.136	89.294
255.55	52.481	47.451
229.912	35.21	59.163
229.072	55.745	81.09
264.262	89.014	46.754
230.204	27.316	76.865
257.882	74.644	76.632
195.326	39.891	89.698
182.112	43.726	18.414
183.642	44.16	86.072
198.117	33.351	7.597
212.759	25.626	69.046
185.298	42.423	83.501
206.467	55.541	15.576
201.817	47.488	78.585
219.132	50.153	0.717
222.268	57.479	12.519
249.633	35.08	54.469
237.334	33.322	56.362
253.267	87.807	35.707
180.832	51.092	76.278
263.131	85.616	43.403
248.724	88.395	60.872
245.541	83.854	43.672
205.451	37.614	82.537
183.961	51.455	87.003
209.021	67.894	23.55
250.927	77.91	25.684
220.417	78.053	26.316
208.346	84.987	33.262
209.917	54.637	85.839
265.235	89.066	42.702
227.611	62.248	2.612
217.478	40.541	84.647
208.101	39.896	73.899
257.821	87.502	50.399
265.32	89.468	54.351
186.477	33.935	78.497
255.429	77.552	29.507
215.075	65.406	12.591
230.577	52.368	80.65
230.638	58.874	75.992
259.673	84.107	45.413
213.424	63.264	11.368
216.229	39.826	88.912
253.515	88.73	29.183
214.553	39.168	10.575
183.991	43.126	5.881
268.011	63.965	38.412
237.891	79.509	36.665
206.08	25.041	77.964
238.869	82.842	37.811
213.77	47.678	81.65
197.381	38.344	0.648
187.718	49.434	5.625
199.353	47.313	75.992
203.058	48.631	15.131
209.359	61.201	12.118
266.435	51.328	4.746
205.843	35.128	61.047
234.656	86.585	31.054
216.5	76.272	27.45
210.776	62.705	16.788
208.692	78.244	15.107
235.65	73.672	28.851
211.213	35.235	70.603
261.153	40.9	40.079
196.568	47.243	81.944
180.901	51.401	74.402
203.259	53.608	6.927
189.438	41.587	87.382
244.272	79.011	69.21
214.031	42.338	79.244
220.763	41.328	70.685
259.178	81.87	37.728
200.872	39.727	88.715
202.097	53.747	8.064
204.182	53.109	12.599
224.938	32.096	51.093
194.299	69.119	12.646
205.275	47.77	77.549
264.067	88.456	47.619
236.189	29.386	75.846
199.6	61.051	18.375
203.668	31.334	81.068
197.54	52.452	17.18
227.924	88.968	54.818
206.964	49.476	88.654
180.939	46.612	83.782
203.588	41.471	2.346
181.42	59.339	87.292
257.179	81.937	38.956
227.3	71.821	24.215
250.056	84.194	45.051
256.561	89.043	51.308
180.511	38.835	86.819
207.733	61.735	20.435
243.217	82.948	33.757
190.141	47.626	88.467
254.193	88.097	45.584
211.216	29.737	55.255
246.046	79.453	36.767
208.661	40.328	80.961
245.546	31.121	74.753
181.936	49.116	9.492
256.959	82.528	52.077
181.118	51.821	1.189
193.695	41.081	7.941
186.963	39.935	66.085
203.034	40.675	87.668
266.74	37.309	29.293
199.04	55.785	10.668
199.026	45.744	79.626
191.294	54.166	70.188
265.707	82.749	24.437
207.733	30.638	79.958
254.124	75.67	15.195
205.758	57.715	8.487
245.239	84.696	37.234
188.193	70.275	8.531
190.33	47.791	82.839
238.353	73.088	27.362
201.449	41.172	83.037
252.037	82.958	29.387
233.491	81.709	41.697
242.391	28.376	80.477
245.651	83.854	29.48
208.024	31.287	84.018
197.815	48.184	88.533
209.428	44.335	79.115
260.491	80.222	1.25
195.112	55.964	3.821
213.99	36.229	72.007
182.351	40.64	4.312
205.552	41.471	4.895
191.745	43.671	82.73
189.149	65.62	30.304
193.544	51.95	85.611
248.318	82.837	51.165
231.953	21.538	48.608
197.537	44.66	83.836
264.965	89.983	49.02
196.675	55.369	88.154
188.682	38.203	86.712
239.449	60.946	25.89
250.463	85.998	35.833
236.576	81.513	33.572
211.474	54.637	0.461
237.232	83.193	44.724
236.156	30.41	87.819
198.606	43.414	7.172
265.204	83.62	45.199
187.938	69.394	89.366
198.93	63.233	14.447
223.84	36.012	6.935
194.799	50.158	84.562
211.787	41.873	76.283
192.206	49.813	2.933
236.647	58.458	87.3
216.973	32.845	69.455
256.739	85.238	39.709
262.287	89.788	65.851
208.024	56.545	2.554
264.553	80.667	25.429
241.122	77.398	14.28
202.089	31.441	16.903
203.218	53.577	89.706
191.547	49.95	82.631
181.003	47.68	74.415
269.286	88.279	43.48
243.459	82.371	50.97
206.519	50.042	5.136
252.916	84.468	47.031
220.708	16.042	62.995
224.416	81.002	31.718
224.199	55.842	41.67
219.972	83.02	32.886
262.167	84.921	55.579
257.255	86.541	42.562
197.59	49.441	48.841
250.488	78.049	35.671
241.415	80.646	34.32
190.421	51.435	13.599
183.505	28.05	0.766
249.776	76.283	45.169
245.269	74.541	22.564
191.248	39.984	82.466
207.447	41.852	89.725
309.277	101.146	252.787
351.664	132.626	185.059
277.309	106.015	204.561
303.735	95.416	219.395
296.291	95.775	236.076
283.033	93.794	218.503
337.038	133.158	265.075
335.467	132.878	262.002
318.987	149.086	264.309
335.942	109.972	200.888
329.446	112.08	191.572
290.828	139.129	199.776
354.823	132.114	182.942
334.006	126.645	259.549
272.318	149.906	219.368
270.428	93.396	235.727
340.422	124.234	196.043
286.277	90.33	224.221
273.488	94.876	230.893
336.513	106.83	265.767
310.774	138.423	205.401
276.004	144.835	188.984
294.786	92.806	209.112
343.177	127.913	183.848
319.377	107.465	209.914
310.327	147.822	249.189
282.223	132.282	213.938
284.761	101.071	221.096
300.211	144.343	241.83
311.631	139.263	254.863
337.096	130.054	268.151
280.143	92.71	217.833
280.344	90.761	225.85
283.645	95.248	206.662
280.836	97.109	231.948
350.323	129.101	183.692
329.207	140.901	186.218
359.61	130.49	266.536
353.49	131.987	266.943
293.542	101.997	222.669
345.802	154.447	184.312
290.465	95.357	217.789
302.46	94.137	252.471
339.949	146.188	202.676
271.643	115.936	201.891
351.268	126.856	247.711
320.871	136.471	254.943
302.01	158.037	242.377
343.166	128.275	189.174
304.212	107.206	197.392
335.143	150.954	265.537
343.133	119.427	197.403
330.248	144.817	264.699
338.307	127.557	242.179
347.033	117.729	193.651
340.96	144.119	183.192
288.26	152.756	244.107
342.257	128.485	263.974
335.472	120.696	255.943
299.864	108.54	203.418
343.946	113.94	208.021
295.58	93.301	212.993
274.433	90.289	225.444
347.11	135.293	252.204
278.976	90.822	221.747
274.246	90.414	242.086
322.409	104.029	193.829
356.803	91.044	234.178
324.988	104.068	183.087
288.952	151.251	223.43
316.803	98.185	208.291
337.318	143.709	182.197
335.324	133.983	262.661
341.617	124.805	262.309
275.773	169.681	222.271
354.831	137.218	188.531
324.922	106.921	227.078
345.426	161.79	255.69
336.966	119.955	192.077
306.333	146.63	250.098
301.304	129.888	207.016
271.566	154.476	186.683
344.674	130.792	192.184
320.385	103.921	241.286
341.1	128.215	269.629
335.255	136.215	244.39
295.876	96.637	221.458
336.999	141.291	262.123
331.075	135.725	181.675
313.856	97.768	200.768
273.573	116.581	254.962
349.151	146.45	259.491
358.731	127.8	253.858
318.374	144.197	254.583
338.557	131.067	187.551
327.9	142.789	258.025
292.839	96.45	220.467
296.467	104.308	213.732
336.741	127.356	190.215
308.464	138.746	231.492
357.981	134.102	267.668
295.69	105.931	222.378
282.006	93.587	226.512
291.267	96.774	233.359
345.119	132.766	186.337
352.414	118.498	190.674
282.319	92.899	208.373
282.102	96.802	221.085
305.394	145.897	239.669
333.242	137.538	180.827
345.19	126.817	182.063
297.467	95.743	214.586
325.565	106.201	249.908
337.499	131.144	269.599
332.668	134.237	269.918
276.012	93.55	235.299
281.753	91.81	224.265
296.277	98.645	196.985
279.841	161.452	198.381
270.431	94.953	238.872
350.016	124.899	182.304
339.436	134.971	258.574
298.585	149.469	218.234
291.083	98.093	218.83
334.618	110.885	266.185
354.74	118.548	191.687
328.032	134.439	266.91
337.843	130.762	181.901
310.956	133.625	253.561
298.307	121.949	208.422
319.575	151.994	247.851
357.369	115.736	184.793
342.567	132.176	184.535
324.45	139.001	260.568
352.677	122.033	187.312
338.483	134.894	264.391
309.958	98.416	212.018
358.61	136.497	181.508
289.856	157.147	207.387
322.832	101.465	241.229
293.196	151.727	228.558
294.778	91.392	227.819
284.085	98.072	204.731
328.724	137.007	260.793
358.945	123.313	191.907
333.5	127.784	186.677
329.803	119.165	191.396
272.922	143.535	206.217
284.14	113.972	207.395
357.83	133.605	269.316
321.201	131.332	262.727
270.541	150.972	229.857
337.222	144.835	254.08
340.144	97.834	201.377
327.691	150.38	247.549
275.493	96.925	224.268
335.86	121.681	190.643
350.535	143.248	186.131
307.173	100.873	230.923
359.371	104.296	210.084
329.663	140.688	184.364
279.416	107.338	240.569
346.121	133.813	264.13
307.044	157.487	248.167
358.761	132.119	254.399
327.834	111.162	250.845
334.964	127.711	196.711
296.148	100.167	231.61
274.282	136.598	214.679
279.377	92.391	218.497
280.174	93.265	236.595
297.939	168.255	201.408
341.858	144.775	182.565
298.024	99.684	228.174
357.388	113.131	205.39
286.741	146.156	203.141
278.655	100.894	210.507
341.971	129.917	183.977
355.935	129.156	252.597
330.539	151.277	255.517
287.45	111.552	230.953
281.786	131.867	197.087
298.2	95.358	226.748
336.527	136.769	267.704
316.814	156.486	225.007
292.836	101.976	219.678
283.717	98.547	218.961
279.756	152.448	245.552
356.512	134.991	199.779
291.46	166.752	220.181
337.738	123.916	183.345
311.87	151.683	266.902
275.405	161.762	229.437
296.717	92.767	223.872
312.406	149.648	240.517
351.441	109.219	191.346
348.78	128.117	263.191
284.398	94.544	228.836
345.797	127.592	257.637
355.647	141.509	180.629
339.249	98.625	194.365
351.076	127.012	262.743
275.565	99.443	203.369
303.331	97.786	213.457
359.706	136.233	195.549
341.93	135.477	261.647
352.221	141.243	197.238
359.676	113.192	256.561
354.188	149.721	260.931
351.332	140.685	262.51
349.637	129.106	180.277
359.786	139.386	253.657
272.219	101.019	219.113
316.578	117.889	199.309
341.781	126.199	195.447
356.462	128.841	268.099
339.29	132.671	264.284
277.457	127.621	217.204
353.891	128.25	266.723
336.005	127.121	195.917
297.17	90.666	218.385
347.313	129.87	267.371
354.74	142.426	191.058
336.354	129.676	180.001
354.795	131.626	188.762
323.826	132.685	262.826
340.515	134.623	180.093
351.082	124.41	258.969
310.318	148.99	267.61
339.312	136.497	266.232
286.681	90.033	221.189
350.656	128.293	263.117
299.658	92.85	216.69
350.063	110.332	199.99
320.253	124.971	185.493
306.176	94.093	222.7
309.214	145.018	252.388
341.952	136.188	191.108
296.233	92.692	213.196
285.857	91.296	223.474
340.229	128.951	256.377
292.745	105.022	214.855
341.238	138.318	268.943
359.019	133.874	266.943
317.965	136.659	186.262
342.691	126.555	197.411
340.18	128.919	188.66
329.949	95.59	257.703
336.326	153.307	253.355
277.864	94.472	223.598
324.617	127.641	260.56
303.52	90.804	225.905
347.354	95.833	267.407
276.757	95.288	221.115
354.847	138.195	184.601
319.885	108.963	195.785
359.621	137.038	181.838
351.01	127.361	191.877
308.755	139.578	245.151
276.147	96.929	227.83
322.813	137.725	253.309
342.745	139.696	181.535
289.136	91.385	222.098
349.348	144.412	190.599
347.805	135.137	186.699
344.967	146.062	260.442
298.763	115.137	200.004
348.475	142.263	262.524
345.149	131.568	184.09
287.634	95.826	209.886
293.77	140.79	265.224
356.503	130.292	258.98
328.702	131.309	263.614
332.767	141.554	180.997
359.975	143.155	260.049
274.628	97.994	207.371
357.267	144.778	190.97
359.278	133.136	262.543
348.725	139.454	268.289
297.906	102.754	211.378
298.455	141.955	240.061
346.407	133.646	181.697
310.956	156.198	250.361
333.459	128.773	186.894
336.217	105.842	191.525
316.693	151.099	256.701
347.319	169.809	188.993
274.441	105.948	237.713
329.597	142.676	268.143
347.324	140.256	182.804
291.542	90.22	227.298
346.127	139.87	180.835
311.565	162.066	231.585
343.413	140.666	193.288
283.857	92.242	224.345
292.781	99.122	213.817
353.166	142.688	185.743
339.941	123.634	189.918
297.071	138.574	188.553
332.599	142.231	267.674
288.235	96.528	219.623
273.884	97.045	217.978
295.401	91.513	230.341
356.199	135.918	264.987
292.031	99.718	231.214
339.268	130.953	193.343
300.51	91.782	212.087
287.2	90.296	217.92
272.969	97.343	228.061
326.708	102.516	217.022
342.097	127.74	269.824
301.013	108.104	194.615
358.412	119.864	269.294
284.45	127.519	227.451
310.088	144.79	239.163
310.928	124.255	261.09
275.738	90.986	226.754
309.796	152.684	256.865
282.118	105.356	256.632
344.674	140.109	269.698
357.888	136.274	198.414
356.358	135.84	266.072
341.883	146.649	187.597
327.241	154.374	249.046
354.702	137.577	263.501
333.533	124.459	195.576
338.183	132.512	258.585
320.868	129.847	180.717
317.732	122.521	192.519
290.367	144.92	234.469
302.666	146.678	236.362
286.733	92.193	215.707
359.168	128.908	256.278
276.869	94.384	223.403
291.276	91.605	240.872
294.459	96.146	223.672
334.549	142.386	262.537
356.039	128.545	267.003
330.979	112.106	203.55
289.073	102.09	205.684
319.583	101.947	206.316
331.654	95.013	213.262
330.083	125.363	265.839
274.765	90.934	222.702
312.389	117.752	182.612
322.522	139.459	264.647
331.899	140.104	253.899
282.179	92.498	230.399
274.68	90.532	234.351
353.523	146.065	258.497
284.571	102.448	209.507
324.925	114.594	192.591
309.423	127.632	260.65
309.362	121.126	255.992
280.327	95.893	225.413
326.576	116.736	191.368
323.771	140.174	268.912
286.485	91.27	209.183
325.447	140.832	190.575
356.009	136.874	185.881
271.989	116.035	218.412
302.109	100.491	216.665
333.92	154.959	257.964
301.131	97.158	217.811
326.23	132.322	261.65
342.619	141.656	180.648
352.282	130.566	185.625
340.647	132.687	255.992
336.942	131.369	195.131
330.641	118.799	192.118
273.565	128.672	184.746
334.157	144.872	241.047
305.344	93.415	211.054
323.5	103.728	207.45
329.224	117.295	196.788
331.308	101.756	195.107
304.35	106.328	208.851
328.787	144.765	250.603
278.847	139.1	220.079
343.432	132.757	261.944
359.099	128.599	254.402
336.741	126.392	186.927
350.562	138.413	267.382
295.728	100.989	249.21
325.969	137.662	259.244
319.237	138.672	250.685
280.822	98.13	217.728
339.128	140.273	268.715
337.903	126.253	188.064
335.818	126.891	192.599
315.062	147.904	231.093
345.701	110.881	192.646
334.725	132.23	257.549
275.933	91.544	227.619
303.811	150.614	255.846
340.4	118.949	198.375
336.332	148.666	261.068
342.46	127.548	197.18
312.076	91.032	234.818
333.036	130.524	268.654
359.061	133.388	263.782
336.412	138.529	182.346
358.58	120.661	267.292
282.821	98.063	218.956
312.7	108.179	204.215
289.944	95.806	225.051
283.439	90.957	231.308
359.489	141.165	266.819
332.267	118.265	200.435
296.783	97.052	213.757
349.859	132.374	268.467
285.807	91.903	225.584
328.784	150.263	235.255
293.954	100.547	216.767
331.339	139.672	260.961
294.454	148.879	254.753
358.064	130.884	189.492
283.041	97.472	232.077
358.882	128.179	181.189
346.305	138.919	187.941
353.037	140.065	246.085
336.966	139.325	267.668
273.26	142.691	209.293
340.96	124.215	190.668
340.974	134.256	259.626
348.706	125.834	250.188
274.293	97.251	204.437
332.267	149.362	259.958
285.876	104.33	195.195
334.242	122.285	188.487
294.761	95.304	217.234
351.807	109.725	188.531
349.67	132.209	262.839
301.647	106.912	207.362
338.551	138.828	263.037
287.963	97.042	209.387
306.509	98.291	221.697
297.609	151.624	260.477
294.349	96.146	209.48
331.976	148.713	264.018
342.185	131.816	268.533
330.572	135.665	259.115
279.509	99.778	181.25
344.888	124.036	183.821
326.01	143.771	252.007
357.649	139.36	184.312
334.448	138.529	184.895
348.255	136.329	262.73
350.851	114.38	210.304
346.456	128.05	265.611
291.682	97.163	231.165
308.047	158.462	228.608
342.463	135.34	263.836
275.035	90.017	229.02
343.325	124.631	268.154
351.318	141.797	266.712
300.551	119.054	205.89
289.537	94.002	215.833
303.424	98.487	213.572
328.526	125.363	180.461
302.768	96.807	224.724
303.844	149.59	267.819
341.394	136.586	187.172
274.796	96.38	225.199
352.062	110.606	269.366
341.07	116.767	194.447
316.16	143.988	186.935
345.201	129.842	264.562
328.213	138.127	256.283
347.794	130.187	182.933
303.353	121.542	267.3
323.027	147.155	249.455
283.261	94.762	219.709
277.713	90.212	245.851
331.976	123.455	182.554
275.447	99.333	205.429
298.878	102.602	194.28
337.911	148.559	196.903
336.782	126.423	269.706
348.453	130.05	262.631
358.997	132.32	254.415
270.714	91.721	223.48
296.541	97.629	230.97
333.481	129.958	185.136
287.084	95.532	227.031
319.292	163.958	242.995
315.584	98.998	211.718
315.801	124.158	221.67
320.028	96.98	212.886
277.833	95.079	235.579
282.745	93.459	222.562
342.41	130.559	228.841
289.512	101.951	215.671
298.585	99.354	214.32
349.579	128.565	193.599
356.495	151.95	180.766
290.224	103.717	225.169
294.731	105.459	202.564
348.752	140.016	262.466
332.553	138.148	269.725
129.277	101.146	252.787
171.664	132.626	185.059
97.309	106.015	204.561
123.735	95.416	219.395
116.291	95.775	236.076
103.033	93.794	218.503
157.038	133.158	265.075
155.467	132.878	262.002
138.987	149.086	264.309
155.942	109.972	200.888
149.446	112.08	191.572
110.828	139.129	199.776
174.823	132.114	182.942
154.006	126.645	259.549
92.318	149.906	219.368
90.428	93.396	235.727
160.422	124.234	196.043
106.277	90.33	224.221
93.488	94.876	230.893
156.513	106.83	265.767
130.774	138.423	205.401
96.004	144.835	188.984
114.786	92.806	209.112
163.177	127.913	183.848
139.377	107.465	209.914
130.327	147.822	249.189
102.223	132.282	213.938
104.761	101.071	221.096
120.211	144.343	241.83
131.631	139.263	254.863
157.096	130.054	268.151
100.143	92.71	217.833
100.344	90.761	225.85
103.645	95.248	206.662
100.836	97.109	231.948
170.323	129.101	183.692
149.207	140.901	186.218
179.61	130.49	266.536
173.49	131.987	266.943
113.542	101.997	222.669
165.802	154.447	184.312
110.465	95.357	217.789
122.46	94.137	252.471
159.949	146.188	202.676
91.643	115.936	201.891
171.268	126.856	247.711
140.871	136.471	254.943
122.01	158.037	242.377
163.166	128.275	189.174
124.212	107.206	197.392
155.143	150.954	265.537
163.133	119.427	197.403
150.248	144.817	264.699
158.307	127.557	242.179
167.033	117.729	193.651
160.96	144.119	183.192
108.26	152.756	244.107
162.257	128.485	263.974
155.472	120.696	255.943
119.864	108.54	203.418
163.946	113.94	208.021
115.58	93.301	212.993
94.433	90.289	225.444
167.11	135.293	252.204
98.976	90.822	221.747
94.246	90.414	242.086
142.409	104.029	193.829
176.803	91.044	234.178
144.988	104.068	183.087
108.952	151.251	223.43
136.803	98.185	208.291
157.318	143.709	182.197
155.324	133.983	262.661
161.617	124.805	262.309
95.773	169.681	222.271
174.831	137.218	188.531
144.922	106.921	227.078
165.426	161.79	255.69
156.966	119.955	192.077
126.333	146.63	250.098
121.304	129.888	207.016
91.566	154.476	186.683
164.674	130.792	192.184
140.385	103.921	241.286
161.1	128.215	269.629
155.255	136.215	244.39
115.876	96.637	221.458
156.999	141.291	262.123
151.075	135.725	181.675
133.856	97.768	200.768
93.573	116.581	254.962
169.151	146.45	259.491
178.731	127.8	253.858
138.374	144.197	254.583
158.557	131.067	187.551
147.9	142.789	258.025
112.839	96.45	220.467
116.467	104.308	213.732
156.741	127.356	190.215
128.464	138.746	231.492
177.981	134.102	267.668
115.69	105.931	222.378
102.006	93.587	226.512
111.267	96.774	233.359
165.119	132.766	186.337
172.414	118.498	190.674
102.319	92.899	208.373
102.102	96.802	221.085
125.394	145.897	239.669
153.242	137.538	180.827
165.19	126.817	182.063
117.467	95.743	214.586
145.565	106.201	249.908
157.499	131.144	269.599
152.668	134.237	269.918
96.012	93.55	235.299
101.753	91.81	224.265
116.277	98.645	196.985
99.841	161.452	198.381
90.431	94.953	238.872
170.016	124.899	182.304
159.436	134.971	258.574
118.585	149.469	218.234
111.083	98.093	218.83
154.618	110.885	266.185
174.74	118.548	191.687
148.032	134.439	266.91
157.843	130.762	181.901
130.956	133.625	253.561
118.307	121.949	208.422
139.575	151.994	247.851
177.369	115.736	184.793
162.567	132.176	184.535
144.45	139.001	260.568
172.677	122.033	187.312
158.483	134.894	264.391
129.958	98.416	212.018
178.61	136.497	181.508
109.856	157.147	207.387
142.832	101.465	241.229
113.196	151.727	228.558
114.778	91.392	227.819
104.085	98.072	204.731
148.724	137.007	260.793
178.945	123.313	191.907
153.5	127.784	186.677
149.803	119.165	191.396
92.922	143.535	206.217
104.14	113.972	207.395
177.83	133.605	269.316
141.201	131.332	262.727
90.541	150.972	229.857
157.222	144.835	254.08
160.144	97.834	201.377
147.691	150.38	247.549
95.493	96.925	224.268
155.86	121.681	190.643
170.535	143.248	186.131
127.173	100.873	230.923
179.371	104.296	210.084
149.663	140.688	184.364
99.416	107.338	240.569
166.121	133.813	264.13
127.044	157.487	248.167
178.761	132.119	254.399
147.834	111.162	250.845
154.964	127.711	196.711
116.148	100.167	231.61
94.282	136.598	214.679
99.377	92.391	218.497
100.174	93.265	236.595
117.939	168.255	201.408
161.858	144.775	182.565
118.024	99.684	228.174
177.388	113.131	205.39
106.741	146.156	203.141
98.655	100.894	210.507
161.971	129.917	183.977
175.935	129.156	252.597
150.539	151.277	255.517
107.45	111.552	230.953
101.786	131.867	197.087
118.2	95.358	226.748
156.527	136.769	267.704
136.814	156.486	225.007
112.836	101.976	219.678
103.717	98.547	218.961
99.756	152.448	245.552
176.512	134.991	199.779
111.46	166.752	220.181
157.738	123.916	183.345
131.87	151.683	266.902
95.405	161.762	229.437
116.717	92.767	223.872
132.406	149.648	240.517
171.441	109.219	191.346
168.78	128.117	263.191
104.398	94.544	228.836
165.797	127.592	257.637
175.647	141.509	180.629
159.249	98.625	194.365
171.076	127.012	262.743
95.565	99.443	203.369
123.331	97.786	213.457
179.706	136.233	195.549
161.93	135.477	261.647
172.221	141.243	197.238
179.676	113.192	256.561
174.188	149.721	260.931
171.332	140.685	262.51
169.637	129.106	180.277
179.786	139.386	253.657
92.219	101.019	219.113
136.578	117.889	199.309
161.781	126.199	195.447
176.462	128.841	268.099
159.29	132.671	264.284
97.457	127.621	217.204
173.891	128.25	266.723
156.005	127.121	195.917
117.17	90.666	218.385
167.313	129.87	267.371
174.74	142.426	191.058
156.354	129.676	180.001
174.795	131.626	188.762
143.826	132.685	262.826
160.515	134.623	180.093
171.082	124.41	258.969
130.318	148.99	267.61
159.312	136.497	266.232
106.681	90.033	221.189
170.656	128.293	263.117
119.658	92.85	216.69
170.063	110.332	199.99
140.253	124.971	185.493
126.176	94.093	222.7
129.214	145.018	252.388
161.952	136.188	191.108
116.233	92.692	213.196
105.857	91.296	223.474
160.229	128.951	256.377
112.745	105.022	214.855
161.238	138.318	268.943
179.019	133.874	266.943
137.965	136.659	186.262
162.691	126.555	197.411
160.18	128.919	188.66
149.949	95.59	257.703
156.326	153.307	253.355
97.864	94.472	223.598
144.617	127.641	260.56
123.52	90.804	225.905
167.354	95.833	267.407
96.757	95.288	221.115
174.847	138.195	184.601
139.885	108.963	195.785
179.621	137.038	181.838
171.01	127.361	191.877
128.755	139.578	245.151
96.147	96.929	227.83
142.813	137.725	253.309
162.745	139.696	181.535
109.136	91.385	222.098
169.348	144.412	190.599
167.805	135.137	186.699
164.967	146.062	260.442
118.763	115.137	200.004
168.475	142.263	262.524
165.149	131.568	184.09
107.634	95.826	209.886
113.77	140.79	265.224
176.503	130.292	258.98
148.702	131.309	263.614
152.767	141.554	180.997
179.975	143.155	260.049
94.628	97.994	207.371
177.267	144.778	190.97
179.278	133.136	262.543
168.725	139.454	268.289
117.906	102.754	211.378
118.455	141.955	240.061
166.407	133.646	181.697
130.956	156.198	250.361
153.459	128.773	186.894
156.217	105.842	191.525
136.693	151.099	256.701
167.319	169.809	188.993
94.441	105.948	237.713
149.597	142.676	268.143
167.324	140.256	182.804
111.542	90.22	227.298
166.127	139.87	180.835
131.565	162.066	231.585
163.413	140.666	193.288
103.857	92.242	224.345
112.781	99.122	213.817
173.166	142.688	185.743
159.941	123.634	189.918
117.071	138.574	188.553
152.599	142.231	267.674
108.235	96.528	219.623
93.884	97.045	217.978
115.401	91.513	230.341
176.199	135.918	264.987
112.031	99.718	231.214
159.268	130.953	193.343
120.51	91.782	212.087
107.2	90.296	217.92
92.969	97.343	228.061
146.708	102.516	217.022
162.097	127.74	269.824
121.013	108.104	194.615
178.412	119.864	269.294
104.45	127.519	227.451
130.088	144.79	239.163
130.928	124.255	261.09
95.738	90.986	226.754
129.796	152.684	256.865
102.118	105.356	256.632
164.674	140.109	269.698
177.888	136.274	198.414
176.358	135.84	266.072
161.883	146.649	187.597
147.241	154.374	249.046
174.702	137.577	263.501
153.533	124.459	195.576
158.183	132.512	258.585
140.868	129.847	180.717
137.732	122.521	192.519
110.367	144.92	234.469
122.666	146.678	236.362
106.733	92.193	215.707
179.168	128.908	256.278
96.869	94.384	223.403
111.276	91.605	240.872
114.459	96.146	223.672
154.549	142.386	262.537
176.039	128.545	267.003
150.979	112.106	203.55
109.073	102.09	205.684
139.583	101.947	206.316
151.654	95.013	213.262
150.083	125.363	265.839
94.765	90.934	222.702
132.389	117.752	182.612
142.522	139.459	264.647
151.899	140.104	253.899
102.179	92.498	230.399
94.68	90.532	234.351
173.523	146.065	258.497
104.571	102.448	209.507
144.925	114.594	192.591
129.423	127.632	260.65
129.362	121.126	255.992
100.327	95.893	225.413
146.576	116.736	191.368
143.771	140.174	268.912
106.485	91.27	209.183
145.447	140.832	190.575
176.009	136.874	185.881
91.989	116.035	218.412
122.109	100.491	216.665
153.92	154.959	257.964
121.131	97.158	217.811
146.23	132.322	261.65
162.619	141.656	180.648
172.282	130.566	185.625
160.647	132.687	255.992
156.942	131.369	195.131
150.641	118.799	192.118
93.565	128.672	184.746
154.157	144.872	241.047
125.344	93.415	211.054
143.5	103.728	207.45
149.224	117.295	196.788
151.308	101.756	195.107
124.35	106.328	208.851
148.787	144.765	250.603
98.847	139.1	220.079
163.432	132.757	261.944
179.099	128.599	254.402
156.741	126.392	186.927
170.562	138.413	267.382
115.728	100.989	249.21
145.969	137.662	259.244
139.237	138.672	250.685
100.822	98.13	217.728
159.128	140.273	268.715
157.903	126.253	188.064
155.818	126.891	192.599
135.062	147.904	231.093
165.701	110.881	192.646
154.725	132.23	257.549
95.933	91.544	227.619
123.811	150.614	255.846
160.4	118.949	198.375
156.332	148.666	261.068
162.46	127.548	197.18
132.076	91.032	234.818
153.036	130.524	268.654
179.061	133.388	263.782
156.412	138.529	182.346
178.58	120.661	267.292
102.821	98.063	218.956
132.7	108.179	204.215
109.944	95.806	225.051
103.439	90.957	231.308
179.489	141.165	266.819
152.267	118.265	200.435
116.783	97.052	213.757
169.859	132.374	268.467
105.807	91.903	225.584
148.784	150.263	235.255
113.954	100.547	216.767
151.339	139.672	260.961
114.454	148.879	254.753
178.064	130.884	189.492
103.041	97.472	232.077
178.882	128.179	181.189
166.305	138.919	187.941
173.037	140.065	246.085
156.966	139.325	267.668
93.26	142.691	209.293
160.96	124.215	190.668
160.974	134.256	259.626
168.706	125.834	250.188
94.293	97.251	204.437
152.267	149.362	259.958
105.876	104.33	195.195
154.242	122.285	188.487
114.761	95.304	217.234
171.807	109.725	188.531
169.67	132.209	262.839
121.647	106.912	207.362
158.551	138.828	263.037
107.963	97.042	209.387
126.509	98.291	221.697
117.609	151.624	260.477
114.349	96.146	209.48
151.976	148.713	264.018
162.185	131.816	268.533
150.572	135.665	259.115
99.509	99.778	181.25
164.888	124.036	183.821
146.01	143.771	252.007
177.649	139.36	184.312
154.448	138.529	184.895
168.255	136.329	262.73
170.851	114.38	210.304
166.456	128.05	265.611
111.682	97.163	231.165
128.047	158.462	228.608
162.463	135.34	263.836
95.035	90.017	229.02
163.325	124.631	268.154
171.318	141.797	266.712
120.551	119.054	205.89
109.537	94.002	215.833
123.424	98.487	213.572
148.526	125.363	180.461
122.768	96.807	224.724
123.844	149.59	267.819
161.394	136.586	187.172
94.796	96.38	225.199
172.062	110.606	269.366
161.07	116.767	194.447
136.16	143.988	186.935
165.201	129.842	264.562
148.213	138.127	256.283
167.794	130.187	182.933
123.353	121.542	267.3
143.027	147.155	249.455
103.261	94.762	219.709
97.713	90.212	245.851
151.976	123.455	182.554
95.447	99.333	205.429
118.878	102.602	194.28
157.911	148.559	196.903
156.782	126.423	269.706
168.453	130.05	262.631
178.997	132.32	254.415
90.714	91.721	223.48
116.541	97.629	230.97
153.481	129.958	185.136
107.084	95.532	227.031
139.292	163.958	242.995
135.584	98.998	211.718
135.801	124.158	221.67
140.028	96.98	212.886
97.833	95.079	235.579
102.745	93.459	222.562
162.41	130.559	228.841
109.512	101.951	215.671
118.585	99.354	214.32
169.579	128.565	193.599
176.495	151.95	180.766
110.224	103.717	225.169
114.731	105.459	202.564
168.752	140.016	262.466
152.553	138.148	269.725
		
		
		
		
