50.723	78.854	72.787
82.691	73.985	24.561
85.463	81.861	81.461
6.894	50.135	73.8
63.709	84.225	56.076
41.013	30.914	84.309
24.058	70.028	20.888
69.23	81.267	4.227
31.372	49.918	30.892
30.554	67.92	11.572
69.172	40.871	19.776
5.177	47.886	2.942
25.994	53.355	79.549
87.682	30.094	39.368
89.572	86.604	55.727
3.994	61.033	1.87
9.605	44.819	75.943
86.512	85.124	50.893
23.487	73.17	85.767
29.04	15.593	63.846
5.801	65.716	12.033
9.833	87.672	19.96
83.007	83.052	59.825
49.226	41.577	25.401
69.496	4.103	52.159
83.996	35.165	8.984
31.26	30.86	70.045
40.623	72.535	29.914
49.673	32.178	69.189
4.917	58.721	83.532
69.727	14.751	12.714
77.777	47.718	33.938
85.82	0.775	17.134
79.532	4.248	6.6
89.684	86.937	83.49
88.237	68.821	74.973
76.355	84.752	26.662
26.898	29.549	66.321
9.41	54.356	84.888
30.793	39.099	6.218
6.435	37.104	88.16
73.962	20.354	68.386
0.39	49.51	86.536
2.159	75.18	87.303
6.51	48.013	86.943
88.143	83.4	75.772
2.063	60.354	86.46
66.458	78.003	42.669
14.198	25.553	4.312
37.901	12.258	45.965
57.54	85.863	72.471
5.021	56.196	1.178
88.02	84.111	15.862
20.051	33.812	22.676
50.063	23.01	44.328
41.975	36.344	47.207
18.37	79.557	11.014
88.357	64.064	21.891
8.732	53.144	67.711
59.262	71.236	71.476
85.652	16.504	8.141
3.37	82.082	69.463
15.884	18.729	68.634
57.99	21.963	62.377
7.312	31.307	77.492
16.834	51.725	9.174
55.788	72.794	17.392
86.028	5.682	36.654
24.857	29.046	85.537
83.227	88.657	27.046
4.213	79.767	87.435
45.661	3.877	32.735
16.867	60.573	17.403
18.768	27.635	79.178
21.693	52.443	62.179
58.111	80.039	10.591
71.74	27.244	64.107
7.281	82.265	89.753
10.899	60.918	5.752
17.04	13.632	84.93
24.528	59.304	75.943
16.054	66.06	28.021
85.737	89.899	33.715
4.128	18.679	1.664
13.569	84.766	7.21
68.952	88.858	64.217
84.952	88.788	0.964
79.505	85.67	29.411
26.165	78.938	87.517
39.181	78.246	14.409
89.951	86.977	85.864
12.89	44.707	72.204
2.282	27.419	87.058
0.198	58.152	85.748
88.827	88.66	20.965
79.769	89.531	78.165
85.754	89.586	62.086
37.591	75.971	13.829
3.197	88.956	54.178
35.012	75.932	3.087
71.048	28.749	43.43
3.249	71.511	0.407
51.733	82.177	53.977
43.197	81.815	28.291
46.369	84.691	63.904
3.974	77.901	10.819
22.682	36.291	2.197
10.72	81.711	87.031
89.882	82.555	14.247
84.227	10.319	42.271
4.359	32.521	3.071
81.68	82.267	6.782
5.169	42.782	8.531
89.714	68.534	22.775
35.078	73.079	47.078
14.574	18.21	75.69
23.034	60.045	12.077
45.809	19.213	55.332
58.696	50.112	27.016
88.434	25.524	6.683
4.565	68.789	0.486
2.601	62.974	85.399
39.615	76.079	61.286
80.524	77.561	36.478
0.387	76.004	76.467
24.745	43.785	64.39
2.107	34.961	78.137
11.761	58.614	82.073
2.192	76.528	75.058
6.419	53.621	85.119
87.995	87.66	10.756
46.144	82.232	20.768
86.427	63.419	74.962
3.683	56.131	77.569
10.849	33.55	79.491
1.269	52.2	73.858
41.626	35.803	74.583
1.093	88.451	83.466
75.726	17.15	19.963
87.978	88.765	59.295
79.406	79.808	22.295
87.709	69.17	81.367
51.536	41.254	51.492
89.272	89.346	4.96
6.12	53.349	88.901
2.019	45.898	87.668
64.31	74.069	42.378
15.357	78.796	2.763
89.363	73.373	36.511
7.586	61.502	10.674
5.499	56.662	83.867
77.681	87.101	28.373
77.898	83.198	41.085
14.81	53.183	2.063
1.931	78.722	88.105
34.435	73.799	69.908
83.988	86.45	55.299
63.723	81.355	16.985
80.159	18.548	18.381
59.476	16.149	35.882
89.569	85.047	58.872
9.984	55.101	2.304
2.228	61.482	83.35
11.371	30.778	0.596
20.564	45.029	78.574
19.795	78.285	19.46
61.415	30.531	38.234
25.382	69.115	86.185
86.644	80.169	35.218
5.26	61.452	11.687
6.095	14.888	0.706
36.978	25.259	51.234
86.773	79.068	34.402
11.14	21.808	79.186
2.631	64.264	4.793
7.323	57.967	7.312
81.367	79.68	0.115
50.042	81.584	32.018
83.735	77.174	15.634
0.118	54.097	88.66
70.144	22.853	27.387
37.168	78.535	61.229
66.804	28.273	48.558
4.996	71.068	8.506
2.263	59.267	84.402
13.044	85.454	82.529
37.981	88.337	79.31
75.915	81.928	24.731
1.055	56.687	11.907
78.741	86.431	23.778
30.197	60.835	11.396
87.078	36.465	26.217
41.01	27.022	62.168
1.923	34.346	3.01
75.86	66.028	27.395
2.17	46.395	89.316
38.799	48.668	82.727
24.316	13.58	60.808
86.308	81.815	28.774
22.778	35.165	74.08
19.856	82.166	21.377
32.309	29.62	67.549
0.942	62.589	7.976
84.507	83.075	44.268
78.519	6.506	11.555
9.465	36.752	6.131
89.654	85.061	7.971
83.032	86.313	58.584
87.02	81.179	32.084
3.054	58.031	83.666
0.629	75.704	30.084
1.695	69.106	2.917
80.584	72.662	60.569
84.88	89.813	64.898
52.956	22.513	68.167
89.28	81.826	68.741
83.012	89.935	61.042
9.278	2.492	86.803
79.642	83.951	23.484
1.239	47.881	74.399
85.27	79.78	31.122
85.96	88.753	77.887
32.166	68.838	70.845
79.678	89.021	31.985
88.802	76.49	70.084
76.843	71.828	21.545
12.44	11.343	84.584
89.64	76.259	12.069
4.433	62.67	89.039
63.852	79.833	51.61
9.273	8.273	79.31
8.02	73.258	24.679
80.623	87.609	38.497
79.826	86.735	56.595
79.802	81.345	28.274
62.061	11.745	21.408
88.627	81.999	7.518
83.685	86.262	17.757
18.142	35.225	2.565
2.612	66.869	25.39
75.39	11.991	8.465
73.259	33.844	23.141
81.345	79.106	30.507
12.602	7.388	75.443
22.232	38.42	76.275
32.647	13.72	66.483
8.564	31.735	80.648
4.065	50.844	72.597
29.461	28.723	75.517
7.114	74.2	77.917
72.55	68.448	50.953
77.637	84.61	32.765
43.186	23.514	45.007
87.053	89.029	25.467
53.975	78.187	9.226
5.068	18.712	88.588
82.603	83.36	60.226
76.198	15.124	27.283
9.02	38.737	69.419
88.514	78.918	67.085
73.995	77.24	9.149
3.969	63.127	78.428
80.977	81.986	10.33
80.431	86.39	8.894
80.244	27.552	65.552
1.003	75.98	9.017
3.488	45.009	19.779
8.394	61.756	87.273
68.54	13.248	40.181
5.076	59.416	2.813
87.734	89.019	58.611
48.13	28.317	86.902
89.978	85.368	21.984
16.639	40.168	67.793
4.614	60.287	2.64
1.263	30.348	6.705
84.595	18.238	49.437
37.011	89.914	16.06
0.316	80.449	86.482
80.156	89.243	21.169
47.594	30.352	60.517
8.559	70.781	11.346
80.414	79.902	17.271
83.392	89.967	29.12
14.203	52.408	77.637
20.751	81.375	14.365
4.548	26.023	78.324
8.924	52.988	82.743
78.404	85.458	0.794
10.531	75.903	88.857
87.652	9.118	3.194
84.435	80.557	23.369
56.669	82.214	33.457
0.294	43.767	15.549
2.653	57.636	3.799
0.324	66.808	76.561
87.322	79.829	29.837
5.812	30.279	80.931
79.802	85.008	11.055
69.837	15.003	39.214
8.668	39.315	82.51
58.608	16.093	41.076
0.214	40.614	73.657
87.781	78.981	39.113
43.422	62.111	19.309
61.393	83.247	0.423
6.109	51.75	86.723
10.948	83.39	21.74
11.728	17.916	77.423
0.467	3.439	1.873
8.141	70.552	69.315
46.015	21.633	20.993
5.205	48.374	8.762
68.598	19.345	30.815
34.611	22.535	45.438
67.183	20.168	76.931
3.604	62.008	5.007
15.953	31.778	72.732
8.918	55.59	78.969
11.495	89.865	72.457
49.682	31.01	87.61
88.151	89.619	24.808
10.671	32.237	2.123
81.277	84.645	16.153
89.544	89.042	11.953
87.855	79.109	31.004
84.531	87.028	65.511
87.841	89.573	22.075
49.391	77.577	74.58
83.312	84.102	33.353
9.937	69.668	19.99
39.747	55.029	5.493
88.618	76.599	63.247
86.355	89.904	83.235
10.286	15.587	41.373
82.048	83.896	78.662
70.6	6.365	25.725
0.981	46.126	86.943
7.806	61.217	77.893
82.329	81.578	20.724
12.508	32.214	75.311
46.141	81.292	23.987
0.939	78.683	87.179
30.051	84.41	77.703
23.674	26.693	73.355
23.783	14.027	66.431
19.955	69.261	80.049
4.469	63.027	2.758
12.646	84.167	87.407
83.243	84.712	41.115
40.115	71.037	15.785
5.216	55.329	8.155
86.256	78.822	19.716
8.99	52.639	11.877
7.166	31.077	83.482
1.736	82.491	5.356
83.853	83.071	47.83
28.115	21.347	65.253
10.171	66.358	76.695
10.652	35.588	10.599
15.033	33.938	80.442
61.237	64.863	20.004
11.525	37.737	82.524
7.103	48.003	71.18
81.257	86.574	61.893
88.555	71.843	71.482
78.228	88.68	24.44
89.714	89.138	22.569
9.965	69.702	0.525
3.887	31.532	87.289
4.032	30.067	85.218
25.094	30.189	68.362
14.851	48.432	4.09
72.366	84.174	29.886
66.23	39.21	85.224
3.497	49.708	78.98
88.363	88.326	22.33
15.151	28.46	88.863
2.648	5.521	16.095
88.338	89.656	63.231
0.025	36.845	80.049
85.372	82.006	27.371
5.914	78.833	88.099
11.168	80.314	1.958
5.164	83.647	74.289
2.733	35.222	10.97
7.383	68.058	86.855
25.64	21.371	25.747
11.275	40.546	88.289
62.094	77.246	31.378
84.465	75.825	6.691
55.43	52.007	39.376
23.783	74.158	11.525
37.465	9.716	55.878
78.489	67.217	56.57
10.275	29.937	56.381
43.307	28.901	76.701
12.681	10.191	8.993
7.858	57.996	81.466
79.848	85.652	68.362
7.188	54.588	84.174
88.607	89.119	26.03
85.559	74.052	57.713
2.241	68.902	88.141
83.007	87.252	88.558
50.758	87.334	55.944
48.435	17.934	51.585
74.577	89.939	25.017
6.691	72.262	19.751
84.048	74.167	71.306
11.693	60.305	5.719
6.834	37.312	5.743
0.621	64.959	78.722
4.285	88.618	80.06
88.481	4.054	6.254
25.415	14.613	69.815
62.929	41.426	8.553
16.167	85.31	1.92
86.116	82.955	37.978
11.901	25.181	77.613
68.34	14.383	25.006
5.134	76.804	2.604
4.312	52.971	74.201
67.969	80.282	51.214
83.103	78.392	25.651
23.827	21.685	67.219
33.292	77.484	37.022
80.046	86.769	76.887
57.062	87.707	7.301
47.608	6.302	9.152
58.987	71.896	14.615
1.588	60.136	89.294
75.55	52.481	47.451
49.072	55.745	81.09
50.204	27.316	76.865
77.882	74.644	76.632
5.414	4.2	88.237
15.326	39.891	89.698
2.112	43.726	18.414
3.642	44.16	86.072
18.117	33.351	7.597
32.759	25.626	69.046
5.298	42.423	83.501
84.336	81.903	23.772
42.268	57.479	12.519
8.861	24.503	80.843
12.206	78.749	12.764
82.633	88.113	13.533
79.917	5.26	78.621
87.885	2.901	86.174
57.334	33.322	56.362
7.49	86.812	88.695
30.081	42.327	63.918
6.554	20.228	64.835
10.47	82.533	85.715
88.978	81.002	84.358
0.832	51.092	76.278
3.983	60.259	79.472
83.131	85.616	43.403
68.724	88.395	60.872
29.87	85.845	78.579
8.24	18.88	72.149
23.759	16.754	57.463
2.225	33.913	89.228
10.902	69.564	4.241
81.06	85.17	78.582
5.252	70.188	74.679
0.505	59.104	13.47
39.008	10.963	54.48
3.961	51.455	87.003
0.64	34.991	2.719
29.021	67.894	23.55
70.927	77.91	25.684
48.204	24.351	38.374
10.215	71.885	81.348
40.417	78.053	26.316
2.178	64.426	78.093
28.346	84.987	33.262
34.836	16.486	55.148
47.611	62.248	2.612
75.978	87.38	5.713
20.215	26.735	63.536
5.795	65.062	7.196
87.069	89.47	27.013
77.821	87.502	50.399
85.32	89.468	54.351
6.477	33.935	78.497
75.429	77.552	29.507
43.518	80.046	16.661
29.307	86.928	21.232
35.075	65.406	12.591
50.577	52.368	80.65
50.638	58.874	75.992
33.424	63.264	11.368
36.229	39.826	88.912
50.778	74.267	14.788
2.153	71.808	85.539
73.515	88.73	29.183
34.553	39.168	10.575
79.527	77.815	28.618
230.723	78.854	72.787
262.691	73.985	24.561
265.463	81.861	81.461
186.894	50.135	73.8
243.709	84.225	56.076
221.013	30.914	84.309
204.058	70.028	20.888
249.23	81.267	4.227
211.372	49.918	30.892
210.554	67.92	11.572
249.172	40.871	19.776
185.177	47.886	2.942
205.994	53.355	79.549
267.682	30.094	39.368
269.572	86.604	55.727
183.994	61.033	1.87
189.605	44.819	75.943
266.512	85.124	50.893
203.487	73.17	85.767
209.04	15.593	63.846
185.801	65.716	12.033
189.833	87.672	19.96
263.007	83.052	59.825
229.226	41.577	25.401
249.496	4.103	52.159
263.996	35.165	8.984
211.26	30.86	70.045
220.623	72.535	29.914
229.673	32.178	69.189
184.917	58.721	83.532
249.727	14.751	12.714
257.777	47.718	33.938
265.82	0.775	17.134
259.532	4.248	6.6
269.684	86.937	83.49
268.237	68.821	74.973
256.355	84.752	26.662
206.898	29.549	66.321
189.41	54.356	84.888
210.793	39.099	6.218
186.435	37.104	88.16
253.962	20.354	68.386
180.39	49.51	86.536
182.159	75.18	87.303
186.51	48.013	86.943
268.143	83.4	75.772
182.063	60.354	86.46
246.458	78.003	42.669
194.198	25.553	4.312
217.901	12.258	45.965
237.54	85.863	72.471
185.021	56.196	1.178
268.02	84.111	15.862
200.051	33.812	22.676
230.063	23.01	44.328
221.975	36.344	47.207
198.37	79.557	11.014
268.357	64.064	21.891
188.732	53.144	67.711
239.262	71.236	71.476
265.652	16.504	8.141
183.37	82.082	69.463
195.884	18.729	68.634
237.99	21.963	62.377
187.312	31.307	77.492
196.834	51.725	9.174
235.788	72.794	17.392
266.028	5.682	36.654
204.857	29.046	85.537
263.227	88.657	27.046
184.213	79.767	87.435
225.661	3.877	32.735
196.867	60.573	17.403
198.768	27.635	79.178
201.693	52.443	62.179
238.111	80.039	10.591
251.74	27.244	64.107
187.281	82.265	89.753
190.899	60.918	5.752
197.04	13.632	84.93
204.528	59.304	75.943
196.054	66.06	28.021
265.737	89.899	33.715
184.128	18.679	1.664
193.569	84.766	7.21
248.952	88.858	64.217
264.952	88.788	0.964
259.505	85.67	29.411
206.165	78.938	87.517
219.181	78.246	14.409
269.951	86.977	85.864
192.89	44.707	72.204
182.282	27.419	87.058
180.198	58.152	85.748
268.827	88.66	20.965
259.769	89.531	78.165
265.754	89.586	62.086
217.591	75.971	13.829
183.197	88.956	54.178
215.012	75.932	3.087
251.048	28.749	43.43
183.249	71.511	0.407
231.733	82.177	53.977
223.197	81.815	28.291
226.369	84.691	63.904
183.974	77.901	10.819
202.682	36.291	2.197
190.72	81.711	87.031
269.882	82.555	14.247
264.227	10.319	42.271
184.359	32.521	3.071
261.68	82.267	6.782
185.169	42.782	8.531
269.714	68.534	22.775
215.078	73.079	47.078
194.574	18.21	75.69
203.034	60.045	12.077
225.809	19.213	55.332
238.696	50.112	27.016
268.434	25.524	6.683
184.565	68.789	0.486
182.601	62.974	85.399
219.615	76.079	61.286
260.524	77.561	36.478
180.387	76.004	76.467
204.745	43.785	64.39
182.107	34.961	78.137
191.761	58.614	82.073
182.192	76.528	75.058
186.419	53.621	85.119
267.995	87.66	10.756
226.144	82.232	20.768
266.427	63.419	74.962
183.683	56.131	77.569
190.849	33.55	79.491
181.269	52.2	73.858
221.626	35.803	74.583
181.093	88.451	83.466
255.726	17.15	19.963
267.978	88.765	59.295
259.406	79.808	22.295
267.709	69.17	81.367
231.536	41.254	51.492
269.272	89.346	4.96
186.12	53.349	88.901
182.019	45.898	87.668
244.31	74.069	42.378
195.357	78.796	2.763
269.363	73.373	36.511
187.586	61.502	10.674
185.499	56.662	83.867
257.681	87.101	28.373
257.898	83.198	41.085
194.81	53.183	2.063
181.931	78.722	88.105
214.435	73.799	69.908
263.988	86.45	55.299
243.723	81.355	16.985
260.159	18.548	18.381
239.476	16.149	35.882
269.569	85.047	58.872
189.984	55.101	2.304
182.228	61.482	83.35
191.371	30.778	0.596
200.564	45.029	78.574
199.795	78.285	19.46
241.415	30.531	38.234
205.382	69.115	86.185
266.644	80.169	35.218
185.26	61.452	11.687
186.095	14.888	0.706
216.978	25.259	51.234
266.773	79.068	34.402
191.14	21.808	79.186
182.631	64.264	4.793
187.323	57.967	7.312
261.367	79.68	0.115
230.042	81.584	32.018
263.735	77.174	15.634
180.118	54.097	88.66
250.144	22.853	27.387
217.168	78.535	61.229
246.804	28.273	48.558
184.996	71.068	8.506
182.263	59.267	84.402
193.044	85.454	82.529
217.981	88.337	79.31
255.915	81.928	24.731
181.055	56.687	11.907
258.741	86.431	23.778
210.197	60.835	11.396
267.078	36.465	26.217
221.01	27.022	62.168
181.923	34.346	3.01
255.86	66.028	27.395
182.17	46.395	89.316
218.799	48.668	82.727
204.316	13.58	60.808
266.308	81.815	28.774
202.778	35.165	74.08
199.856	82.166	21.377
212.309	29.62	67.549
180.942	62.589	7.976
264.507	83.075	44.268
258.519	6.506	11.555
189.465	36.752	6.131
269.654	85.061	7.971
263.032	86.313	58.584
267.02	81.179	32.084
183.054	58.031	83.666
180.629	75.704	30.084
181.695	69.106	2.917
260.584	72.662	60.569
264.88	89.813	64.898
232.956	22.513	68.167
269.28	81.826	68.741
263.012	89.935	61.042
189.278	2.492	86.803
259.642	83.951	23.484
181.239	47.881	74.399
265.27	79.78	31.122
265.96	88.753	77.887
212.166	68.838	70.845
259.678	89.021	31.985
268.802	76.49	70.084
256.843	71.828	21.545
192.44	11.343	84.584
269.64	76.259	12.069
184.433	62.67	89.039
243.852	79.833	51.61
189.273	8.273	79.31
188.02	73.258	24.679
260.623	87.609	38.497
259.826	86.735	56.595
259.802	81.345	28.274
242.061	11.745	21.408
268.627	81.999	7.518
263.685	86.262	17.757
198.142	35.225	2.565
182.612	66.869	25.39
255.39	11.991	8.465
253.259	33.844	23.141
261.345	79.106	30.507
192.602	7.388	75.443
202.232	38.42	76.275
212.647	13.72	66.483
188.564	31.735	80.648
184.065	50.844	72.597
209.461	28.723	75.517
187.114	74.2	77.917
252.55	68.448	50.953
257.637	84.61	32.765
223.186	23.514	45.007
267.053	89.029	25.467
233.975	78.187	9.226
185.068	18.712	88.588
262.603	83.36	60.226
256.198	15.124	27.283
189.02	38.737	69.419
268.514	78.918	67.085
253.995	77.24	9.149
183.969	63.127	78.428
260.977	81.986	10.33
260.431	86.39	8.894
260.244	27.552	65.552
181.003	75.98	9.017
183.488	45.009	19.779
188.394	61.756	87.273
248.54	13.248	40.181
185.076	59.416	2.813
267.734	89.019	58.611
228.13	28.317	86.902
269.978	85.368	21.984
196.639	40.168	67.793
184.614	60.287	2.64
181.263	30.348	6.705
264.595	18.238	49.437
217.011	89.914	16.06
180.316	80.449	86.482
260.156	89.243	21.169
227.594	30.352	60.517
188.559	70.781	11.346
260.414	79.902	17.271
263.392	89.967	29.12
194.203	52.408	77.637
200.751	81.375	14.365
184.548	26.023	78.324
188.924	52.988	82.743
258.404	85.458	0.794
190.531	75.903	88.857
267.652	9.118	3.194
264.435	80.557	23.369
236.669	82.214	33.457
180.294	43.767	15.549
182.653	57.636	3.799
180.324	66.808	76.561
267.322	79.829	29.837
185.812	30.279	80.931
259.802	85.008	11.055
249.837	15.003	39.214
188.668	39.315	82.51
238.608	16.093	41.076
180.214	40.614	73.657
267.781	78.981	39.113
223.422	62.111	19.309
241.393	83.247	0.423
186.109	51.75	86.723
190.948	83.39	21.74
191.728	17.916	77.423
180.467	3.439	1.873
188.141	70.552	69.315
226.015	21.633	20.993
185.205	48.374	8.762
248.598	19.345	30.815
214.611	22.535	45.438
247.183	20.168	76.931
183.604	62.008	5.007
195.953	31.778	72.732
188.918	55.59	78.969
191.495	89.865	72.457
229.682	31.01	87.61
268.151	89.619	24.808
190.671	32.237	2.123
261.277	84.645	16.153
269.544	89.042	11.953
267.855	79.109	31.004
264.531	87.028	65.511
267.841	89.573	22.075
229.391	77.577	74.58
263.312	84.102	33.353
189.937	69.668	19.99
219.747	55.029	5.493
268.618	76.599	63.247
266.355	89.904	83.235
190.286	15.587	41.373
262.048	83.896	78.662
250.6	6.365	25.725
180.981	46.126	86.943
187.806	61.217	77.893
262.329	81.578	20.724
192.508	32.214	75.311
226.141	81.292	23.987
180.939	78.683	87.179
210.051	84.41	77.703
203.674	26.693	73.355
203.783	14.027	66.431
199.955	69.261	80.049
184.469	63.027	2.758
192.646	84.167	87.407
263.243	84.712	41.115
220.115	71.037	15.785
185.216	55.329	8.155
266.256	78.822	19.716
188.99	52.639	11.877
187.166	31.077	83.482
181.736	82.491	5.356
263.853	83.071	47.83
208.115	21.347	65.253
190.171	66.358	76.695
190.652	35.588	10.599
195.033	33.938	80.442
241.237	64.863	20.004
191.525	37.737	82.524
187.103	48.003	71.18
261.257	86.574	61.893
268.555	71.843	71.482
258.228	88.68	24.44
269.714	89.138	22.569
189.965	69.702	0.525
183.887	31.532	87.289
184.032	30.067	85.218
205.094	30.189	68.362
194.851	48.432	4.09
252.366	84.174	29.886
246.23	39.21	85.224
183.497	49.708	78.98
268.363	88.326	22.33
195.151	28.46	88.863
182.648	5.521	16.095
268.338	89.656	63.231
180.025	36.845	80.049
265.372	82.006	27.371
185.914	78.833	88.099
191.168	80.314	1.958
185.164	83.647	74.289
182.733	35.222	10.97
187.383	68.058	86.855
205.64	21.371	25.747
191.275	40.546	88.289
242.094	77.246	31.378
264.465	75.825	6.691
235.43	52.007	39.376
203.783	74.158	11.525
217.465	9.716	55.878
258.489	67.217	56.57
190.275	29.937	56.381
223.307	28.901	76.701
192.681	10.191	8.993
187.858	57.996	81.466
259.848	85.652	68.362
187.188	54.588	84.174
268.607	89.119	26.03
265.559	74.052	57.713
182.241	68.902	88.141
263.007	87.252	88.558
230.758	87.334	55.944
228.435	17.934	51.585
254.577	89.939	25.017
186.691	72.262	19.751
264.048	74.167	71.306
191.693	60.305	5.719
186.834	37.312	5.743
180.621	64.959	78.722
184.285	88.618	80.06
268.481	4.054	6.254
205.415	14.613	69.815
242.929	41.426	8.553
196.167	85.31	1.92
266.116	82.955	37.978
191.901	25.181	77.613
248.34	14.383	25.006
185.134	76.804	2.604
184.312	52.971	74.201
247.969	80.282	51.214
263.103	78.392	25.651
203.827	21.685	67.219
213.292	77.484	37.022
260.046	86.769	76.887
237.062	87.707	7.301
227.608	6.302	9.152
238.987	71.896	14.615
181.588	60.136	89.294
255.55	52.481	47.451
229.072	55.745	81.09
230.204	27.316	76.865
257.882	74.644	76.632
185.414	4.2	88.237
195.326	39.891	89.698
182.112	43.726	18.414
183.642	44.16	86.072
198.117	33.351	7.597
212.759	25.626	69.046
185.298	42.423	83.501
264.336	81.903	23.772
222.268	57.479	12.519
188.861	24.503	80.843
192.206	78.749	12.764
262.633	88.113	13.533
259.917	5.26	78.621
267.885	2.901	86.174
237.334	33.322	56.362
187.49	86.812	88.695
210.081	42.327	63.918
186.554	20.228	64.835
190.47	82.533	85.715
268.978	81.002	84.358
180.832	51.092	76.278
183.983	60.259	79.472
263.131	85.616	43.403
248.724	88.395	60.872
209.87	85.845	78.579
188.24	18.88	72.149
203.759	16.754	57.463
182.225	33.913	89.228
190.902	69.564	4.241
261.06	85.17	78.582
185.252	70.188	74.679
180.505	59.104	13.47
219.008	10.963	54.48
183.961	51.455	87.003
180.64	34.991	2.719
209.021	67.894	23.55
250.927	77.91	25.684
228.204	24.351	38.374
190.215	71.885	81.348
220.417	78.053	26.316
182.178	64.426	78.093
208.346	84.987	33.262
214.836	16.486	55.148
227.611	62.248	2.612
255.978	87.38	5.713
200.215	26.735	63.536
185.795	65.062	7.196
267.069	89.47	27.013
257.821	87.502	50.399
265.32	89.468	54.351
186.477	33.935	78.497
255.429	77.552	29.507
223.518	80.046	16.661
209.307	86.928	21.232
215.075	65.406	12.591
230.577	52.368	80.65
230.638	58.874	75.992
213.424	63.264	11.368
216.229	39.826	88.912
230.778	74.267	14.788
182.153	71.808	85.539
253.515	88.73	29.183
214.553	39.168	10.575
259.527	77.815	28.618
309.277	101.146	252.787
277.309	106.015	204.561
274.537	98.139	261.461
353.106	129.865	253.8
296.291	95.775	236.076
318.987	149.086	264.309
335.942	109.972	200.888
290.77	98.733	184.227
328.628	130.082	210.892
329.446	112.08	191.572
290.828	139.129	199.776
354.823	132.114	182.942
334.006	126.645	259.549
272.318	149.906	219.368
270.428	93.396	235.727
356.006	118.967	181.87
350.395	135.181	255.943
273.488	94.876	230.893
336.513	106.83	265.767
330.96	164.407	243.846
354.199	114.284	192.033
350.167	92.328	199.96
276.993	96.948	239.825
310.774	138.423	205.401
290.504	175.897	232.159
276.004	144.835	188.984
328.74	149.14	250.045
319.377	107.465	209.914
310.327	147.822	249.189
355.083	121.279	263.532
290.273	165.249	192.714
282.223	132.282	213.938
274.18	179.225	197.134
280.468	175.752	186.6
270.316	93.063	263.49
271.763	111.179	254.973
283.645	95.248	206.662
333.102	150.451	246.321
350.59	125.644	264.888
329.207	140.901	186.218
353.565	142.896	268.16
286.038	159.646	248.386
359.61	130.49	266.536
357.841	104.82	267.303
353.49	131.987	266.943
271.857	96.6	255.772
357.937	119.646	266.46
293.542	101.997	222.669
345.802	154.447	184.312
322.099	167.742	225.965
302.46	94.137	252.471
354.979	123.804	181.178
271.98	95.889	195.862
339.949	146.188	202.676
309.937	156.99	224.328
318.025	143.656	227.207
341.63	100.443	191.014
271.643	115.936	201.891
351.268	126.856	247.711
300.738	108.764	251.476
274.348	163.496	188.141
356.63	97.918	249.463
344.116	161.271	248.634
302.01	158.037	242.377
352.688	148.693	257.492
343.166	128.275	189.174
304.212	107.206	197.392
273.972	174.318	216.654
335.143	150.954	265.537
276.773	91.343	207.046
355.787	100.233	267.435
314.339	176.123	212.735
343.133	119.427	197.403
341.232	152.365	259.178
338.307	127.557	242.179
301.889	99.961	190.591
288.26	152.756	244.107
352.719	97.735	269.753
349.101	119.082	185.752
342.96	166.368	264.93
335.472	120.696	255.943
343.946	113.94	208.021
274.263	90.101	213.715
355.872	161.321	181.664
346.431	95.234	187.21
291.048	91.142	244.217
275.048	91.212	180.964
280.495	94.33	209.411
333.835	101.062	267.517
320.819	101.754	194.409
270.049	93.023	265.864
347.11	135.293	252.204
357.718	152.581	267.058
359.802	121.848	265.748
271.173	91.34	200.965
280.231	90.469	258.165
274.246	90.414	242.086
322.409	104.029	193.829
356.803	91.044	234.178
324.988	104.068	183.087
288.952	151.251	223.43
356.751	108.489	180.407
308.267	97.823	233.977
316.803	98.185	208.291
313.631	95.309	243.904
356.026	102.099	190.819
337.318	143.709	182.197
349.28	98.289	267.031
270.118	97.445	194.247
275.773	169.681	222.271
355.641	147.479	183.071
278.32	97.733	186.782
354.831	137.218	188.531
270.286	111.466	202.775
324.922	106.921	227.078
345.426	161.79	255.69
336.966	119.955	192.077
314.191	160.787	235.332
301.304	129.888	207.016
271.566	154.476	186.683
355.435	111.211	180.486
357.399	117.026	265.399
320.385	103.921	241.286
279.476	102.439	216.478
359.613	103.996	256.467
335.255	136.215	244.39
357.893	145.039	258.137
348.239	121.386	262.073
357.808	103.472	255.058
353.581	126.379	265.119
272.005	92.34	190.756
313.856	97.768	200.768
273.573	116.581	254.962
356.317	123.869	257.569
349.151	146.45	259.491
358.731	127.8	253.858
318.374	144.197	254.583
358.907	91.549	263.466
284.274	162.85	199.963
272.022	91.235	239.295
280.594	100.192	202.295
272.291	110.83	261.367
308.464	138.746	231.492
270.728	90.654	184.96
353.88	126.651	268.901
357.981	134.102	267.668
295.69	105.931	222.378
344.643	101.204	182.763
270.637	106.627	216.511
352.414	118.498	190.674
354.501	123.338	263.867
282.319	92.899	208.373
282.102	96.802	221.085
345.19	126.817	182.063
358.069	101.278	268.105
325.565	106.201	249.908
276.012	93.55	235.299
296.277	98.645	196.985
279.841	161.452	198.381
300.524	163.851	215.882
270.431	94.953	238.872
350.016	124.899	182.304
357.772	118.518	263.35
348.629	149.222	180.596
339.436	134.971	258.574
340.205	101.715	199.46
298.585	149.469	218.234
334.618	110.885	266.185
273.356	99.831	215.218
354.74	118.548	191.687
353.905	165.112	180.706
323.022	154.741	231.234
273.227	100.932	214.402
348.86	158.192	259.186
357.369	115.736	184.793
352.677	122.033	187.312
278.633	100.32	180.115
309.958	98.416	212.018
276.265	102.826	195.634
359.882	125.903	268.66
289.856	157.147	207.387
322.832	101.465	241.229
293.196	151.727	228.558
355.004	108.932	188.506
357.737	120.733	264.402
346.956	94.546	262.529
322.019	91.663	259.31
284.085	98.072	204.731
358.945	123.313	191.907
281.259	93.569	203.778
329.803	119.165	191.396
272.922	143.535	206.217
318.99	152.978	242.168
358.077	145.654	183.01
284.14	113.972	207.395
357.83	133.605	269.316
321.201	131.332	262.727
335.684	166.42	240.808
273.692	98.185	208.774
337.222	144.835	254.08
340.144	97.834	201.377
327.691	150.38	247.549
359.058	117.411	187.976
275.493	96.925	224.268
281.481	173.494	191.555
350.535	143.248	186.131
270.346	94.939	187.971
276.968	93.687	238.584
272.98	98.821	212.084
356.946	121.969	263.666
359.371	104.296	210.084
358.305	110.894	182.917
279.416	107.338	240.569
275.12	90.187	244.898
307.044	157.487	248.167
270.72	98.174	248.741
276.988	90.065	241.042
350.722	177.508	266.803
280.358	96.049	203.484
358.761	132.119	254.399
274.73	100.22	211.122
274.04	91.247	257.887
327.834	111.162	250.845
280.322	90.979	211.985
271.198	103.51	250.084
283.157	108.172	201.545
347.56	168.657	264.584
270.36	103.741	192.069
355.567	117.33	269.039
296.148	100.167	231.61
350.727	171.727	259.31
351.98	106.742	204.679
279.377	92.391	218.497
280.174	93.265	236.595
280.198	98.655	208.274
297.939	168.255	201.408
271.373	98.001	187.518
276.315	93.738	197.757
341.858	144.775	182.565
357.388	113.131	205.39
284.61	168.009	188.465
286.741	146.156	203.141
278.655	100.894	210.507
347.398	172.612	255.443
337.768	141.58	256.275
327.353	166.28	246.483
351.436	148.265	260.648
355.935	129.156	252.597
330.539	151.277	255.517
352.886	105.8	257.917
287.45	111.552	230.953
282.363	95.39	212.765
316.814	156.486	225.007
272.947	90.971	205.467
306.025	101.813	189.226
354.932	161.288	268.588
277.397	96.64	240.226
283.802	164.876	207.283
350.98	141.263	249.419
271.486	101.082	247.085
286.005	102.76	189.149
356.031	116.873	258.428
279.023	98.014	190.33
279.569	93.61	188.894
279.756	152.448	245.552
358.997	104.02	189.017
356.512	134.991	199.779
351.606	118.244	267.273
291.46	166.752	220.181
354.924	120.584	182.813
272.266	90.981	238.611
311.87	151.683	266.902
270.022	94.632	201.984
343.361	139.832	247.793
355.386	119.713	182.64
358.737	149.652	186.705
275.405	161.762	229.437
322.989	90.086	196.06
359.684	99.551	266.482
279.844	90.757	201.169
312.406	149.648	240.517
351.441	109.219	191.346
279.586	100.098	197.271
276.608	90.033	209.12
345.797	127.592	257.637
339.249	98.625	194.365
355.452	153.977	258.324
351.076	127.012	262.743
281.596	94.542	180.794
349.469	104.097	268.857
272.348	170.882	183.194
275.565	99.443	203.369
303.331	97.786	213.457
359.706	136.233	195.549
357.347	122.364	183.799
359.676	113.192	256.561
272.678	100.171	209.837
354.188	149.721	260.931
280.198	94.992	191.055
290.163	164.997	219.214
351.332	140.685	262.51
301.392	163.907	221.076
359.786	139.386	253.657
272.219	101.019	219.113
316.578	117.889	199.309
298.607	96.753	180.423
353.891	128.25	266.723
349.052	96.61	201.74
348.272	162.084	257.423
359.533	176.561	181.873
351.859	109.448	249.315
313.985	158.367	200.993
354.795	131.626	188.762
291.402	160.655	210.815
325.389	157.465	225.438
292.817	159.832	256.931
356.396	117.992	185.007
344.047	148.222	252.732
351.082	124.41	258.969
348.505	90.135	252.457
310.318	148.99	267.61
271.849	90.381	204.808
349.329	147.763	182.123
278.723	95.355	196.153
270.456	90.958	191.953
272.145	100.891	211.004
275.469	92.972	245.511
272.159	90.427	202.075
310.609	102.423	254.58
276.688	95.898	213.353
350.063	110.332	199.99
320.253	124.971	185.493
271.382	103.401	243.247
273.645	90.096	263.235
349.714	164.413	221.373
277.952	96.104	258.662
289.4	173.635	205.725
359.019	133.874	266.943
352.194	118.783	257.893
277.671	98.422	200.724
347.492	147.786	255.311
313.859	98.708	203.987
359.061	101.317	267.179
329.949	95.59	257.703
336.326	153.307	253.355
336.217	165.973	246.431
340.045	110.739	260.049
355.531	116.973	182.758
347.354	95.833	267.407
276.757	95.288	221.115
319.885	108.963	195.785
354.784	124.671	188.155
273.744	101.178	199.716
351.01	127.361	191.877
352.834	148.923	263.482
358.264	97.509	185.356
276.147	96.929	227.83
331.885	158.653	245.253
349.829	113.642	256.695
349.348	144.412	190.599
344.967	146.062	260.442
298.763	115.137	200.004
348.475	142.263	262.524
352.897	131.997	251.18
278.743	93.426	241.893
271.445	108.157	251.482
281.772	91.32	204.44
270.286	90.862	202.569
350.035	110.298	180.525
356.113	148.468	267.289
355.968	149.933	265.218
334.906	149.811	248.362
345.149	131.568	184.09
287.634	95.826	209.886
293.77	140.79	265.224
356.503	130.292	258.98
271.637	91.674	202.33
344.849	151.54	268.863
357.352	174.479	196.095
271.662	90.344	243.231
359.975	143.155	260.049
274.628	97.994	207.371
354.086	101.167	268.099
348.832	99.686	181.958
354.836	96.353	254.289
357.267	144.778	190.97
352.617	111.942	266.855
334.36	158.629	205.747
348.725	139.454	268.289
297.906	102.754	211.378
275.535	104.175	186.691
304.57	127.993	219.376
336.217	105.842	191.525
322.535	170.284	235.878
281.511	112.783	236.57
349.725	150.063	236.381
316.693	151.099	256.701
347.319	169.809	188.993
352.142	122.004	261.466
280.152	94.348	248.362
352.812	125.412	264.174
271.393	90.881	206.03
274.441	105.948	237.713
357.759	111.098	268.141
276.993	92.748	268.558
309.242	92.666	235.944
311.565	162.066	231.585
285.423	90.061	205.017
353.309	107.738	199.751
275.952	105.833	251.306
348.307	119.695	185.719
353.166	142.688	185.743
359.379	115.041	258.722
355.715	91.382	260.06
271.519	175.946	186.254
334.585	165.387	249.815
297.071	138.574	188.553
343.833	94.69	181.92
273.884	97.045	217.978
348.099	154.819	257.613
291.66	165.617	205.006
354.866	103.196	182.604
355.688	127.029	254.201
292.031	99.718	231.214
276.897	101.608	205.651
336.173	158.315	247.219
326.708	102.516	217.022
279.954	93.231	256.887
302.938	92.293	187.301
312.392	173.698	189.152
301.013	108.104	194.615
358.412	119.864	269.294
284.45	127.519	227.451
310.928	124.255	261.09
309.796	152.684	256.865
282.118	105.356	256.632
354.586	175.8	268.237
344.674	140.109	269.698
357.888	136.274	198.414
356.358	135.84	266.072
341.883	146.649	187.597
327.241	154.374	249.046
354.702	137.577	263.501
275.664	98.097	203.772
317.732	122.521	192.519
351.139	155.497	260.843
347.794	101.251	192.764
277.367	91.887	193.533
280.083	174.74	258.621
272.115	177.099	266.174
302.666	146.678	236.362
352.51	93.188	268.695
329.919	137.673	243.918
353.446	159.772	244.835
349.53	97.467	265.715
271.022	98.998	264.358
359.168	128.908	256.278
356.017	119.741	259.472
276.869	94.384	223.403
291.276	91.605	240.872
330.13	94.155	258.579
351.76	161.12	252.149
336.241	163.246	237.463
357.775	146.087	269.228
349.098	110.436	184.241
278.94	94.83	258.582
354.748	109.812	254.679
359.495	120.896	193.47
320.992	169.037	234.48
356.039	128.545	267.003
359.36	145.009	182.719
330.979	112.106	203.55
289.073	102.09	205.684
311.796	155.649	218.374
349.785	108.115	261.348
319.583	101.947	206.316
357.822	115.574	258.093
331.654	95.013	213.262
325.164	163.514	235.148
312.389	117.752	182.612
284.022	92.62	185.713
339.785	153.265	243.536
354.205	114.938	187.196
272.931	90.53	207.013
282.179	92.498	230.399
274.68	90.532	234.351
353.523	146.065	258.497
284.571	102.448	209.507
316.482	99.954	196.661
330.693	93.072	201.232
324.925	114.594	192.591
309.423	127.632	260.65
309.362	121.126	255.992
326.576	116.736	191.368
323.771	140.174	268.912
309.222	105.733	194.788
357.847	108.192	265.539
286.485	91.27	209.183
325.447	140.832	190.575
280.473	102.185	208.618
129.277	101.146	252.787
97.309	106.015	204.561
94.537	98.139	261.461
173.106	129.865	253.8
116.291	95.775	236.076
138.987	149.086	264.309
155.942	109.972	200.888
110.77	98.733	184.227
148.628	130.082	210.892
149.446	112.08	191.572
110.828	139.129	199.776
174.823	132.114	182.942
154.006	126.645	259.549
92.318	149.906	219.368
90.428	93.396	235.727
176.006	118.967	181.87
170.395	135.181	255.943
93.488	94.876	230.893
156.513	106.83	265.767
150.96	164.407	243.846
174.199	114.284	192.033
170.167	92.328	199.96
96.993	96.948	239.825
130.774	138.423	205.401
110.504	175.897	232.159
96.004	144.835	188.984
148.74	149.14	250.045
139.377	107.465	209.914
130.327	147.822	249.189
175.083	121.279	263.532
110.273	165.249	192.714
102.223	132.282	213.938
94.18	179.225	197.134
100.468	175.752	186.6
90.316	93.063	263.49
91.763	111.179	254.973
103.645	95.248	206.662
153.102	150.451	246.321
170.59	125.644	264.888
149.207	140.901	186.218
173.565	142.896	268.16
106.038	159.646	248.386
179.61	130.49	266.536
177.841	104.82	267.303
173.49	131.987	266.943
91.857	96.6	255.772
177.937	119.646	266.46
113.542	101.997	222.669
165.802	154.447	184.312
142.099	167.742	225.965
122.46	94.137	252.471
174.979	123.804	181.178
91.98	95.889	195.862
159.949	146.188	202.676
129.937	156.99	224.328
138.025	143.656	227.207
161.63	100.443	191.014
91.643	115.936	201.891
171.268	126.856	247.711
120.738	108.764	251.476
94.348	163.496	188.141
176.63	97.918	249.463
164.116	161.271	248.634
122.01	158.037	242.377
172.688	148.693	257.492
163.166	128.275	189.174
124.212	107.206	197.392
93.972	174.318	216.654
155.143	150.954	265.537
96.773	91.343	207.046
175.787	100.233	267.435
134.339	176.123	212.735
163.133	119.427	197.403
161.232	152.365	259.178
158.307	127.557	242.179
121.889	99.961	190.591
108.26	152.756	244.107
172.719	97.735	269.753
169.101	119.082	185.752
162.96	166.368	264.93
155.472	120.696	255.943
163.946	113.94	208.021
94.263	90.101	213.715
175.872	161.321	181.664
166.431	95.234	187.21
111.048	91.142	244.217
95.048	91.212	180.964
100.495	94.33	209.411
153.835	101.062	267.517
140.819	101.754	194.409
90.049	93.023	265.864
167.11	135.293	252.204
177.718	152.581	267.058
179.802	121.848	265.748
91.173	91.34	200.965
100.231	90.469	258.165
94.246	90.414	242.086
142.409	104.029	193.829
176.803	91.044	234.178
144.988	104.068	183.087
108.952	151.251	223.43
176.751	108.489	180.407
128.267	97.823	233.977
136.803	98.185	208.291
133.631	95.309	243.904
176.026	102.099	190.819
157.318	143.709	182.197
169.28	98.289	267.031
90.118	97.445	194.247
95.773	169.681	222.271
175.641	147.479	183.071
98.32	97.733	186.782
174.831	137.218	188.531
90.286	111.466	202.775
144.922	106.921	227.078
165.426	161.79	255.69
156.966	119.955	192.077
134.191	160.787	235.332
121.304	129.888	207.016
91.566	154.476	186.683
175.435	111.211	180.486
177.399	117.026	265.399
140.385	103.921	241.286
99.476	102.439	216.478
179.613	103.996	256.467
155.255	136.215	244.39
177.893	145.039	258.137
168.239	121.386	262.073
177.808	103.472	255.058
173.581	126.379	265.119
92.005	92.34	190.756
133.856	97.768	200.768
93.573	116.581	254.962
176.317	123.869	257.569
169.151	146.45	259.491
178.731	127.8	253.858
138.374	144.197	254.583
178.907	91.549	263.466
104.274	162.85	199.963
92.022	91.235	239.295
100.594	100.192	202.295
92.291	110.83	261.367
128.464	138.746	231.492
90.728	90.654	184.96
173.88	126.651	268.901
177.981	134.102	267.668
115.69	105.931	222.378
164.643	101.204	182.763
90.637	106.627	216.511
172.414	118.498	190.674
174.501	123.338	263.867
102.319	92.899	208.373
102.102	96.802	221.085
165.19	126.817	182.063
178.069	101.278	268.105
145.565	106.201	249.908
96.012	93.55	235.299
116.277	98.645	196.985
99.841	161.452	198.381
120.524	163.851	215.882
90.431	94.953	238.872
170.016	124.899	182.304
177.772	118.518	263.35
168.629	149.222	180.596
159.436	134.971	258.574
160.205	101.715	199.46
118.585	149.469	218.234
154.618	110.885	266.185
93.356	99.831	215.218
174.74	118.548	191.687
173.905	165.112	180.706
143.022	154.741	231.234
93.227	100.932	214.402
168.86	158.192	259.186
177.369	115.736	184.793
172.677	122.033	187.312
98.633	100.32	180.115
129.958	98.416	212.018
96.265	102.826	195.634
179.882	125.903	268.66
109.856	157.147	207.387
142.832	101.465	241.229
113.196	151.727	228.558
175.004	108.932	188.506
177.737	120.733	264.402
166.956	94.546	262.529
142.019	91.663	259.31
104.085	98.072	204.731
178.945	123.313	191.907
101.259	93.569	203.778
149.803	119.165	191.396
92.922	143.535	206.217
138.99	152.978	242.168
178.077	145.654	183.01
104.14	113.972	207.395
177.83	133.605	269.316
141.201	131.332	262.727
155.684	166.42	240.808
93.692	98.185	208.774
157.222	144.835	254.08
160.144	97.834	201.377
147.691	150.38	247.549
179.058	117.411	187.976
95.493	96.925	224.268
101.481	173.494	191.555
170.535	143.248	186.131
90.346	94.939	187.971
96.968	93.687	238.584
92.98	98.821	212.084
176.946	121.969	263.666
179.371	104.296	210.084
178.305	110.894	182.917
99.416	107.338	240.569
95.12	90.187	244.898
127.044	157.487	248.167
90.72	98.174	248.741
96.988	90.065	241.042
170.722	177.508	266.803
100.358	96.049	203.484
178.761	132.119	254.399
94.73	100.22	211.122
94.04	91.247	257.887
147.834	111.162	250.845
100.322	90.979	211.985
91.198	103.51	250.084
103.157	108.172	201.545
167.56	168.657	264.584
90.36	103.741	192.069
175.567	117.33	269.039
116.148	100.167	231.61
170.727	171.727	259.31
171.98	106.742	204.679
99.377	92.391	218.497
100.174	93.265	236.595
100.198	98.655	208.274
117.939	168.255	201.408
91.373	98.001	187.518
96.315	93.738	197.757
161.858	144.775	182.565
177.388	113.131	205.39
104.61	168.009	188.465
106.741	146.156	203.141
98.655	100.894	210.507
167.398	172.612	255.443
157.768	141.58	256.275
147.353	166.28	246.483
171.436	148.265	260.648
175.935	129.156	252.597
150.539	151.277	255.517
172.886	105.8	257.917
107.45	111.552	230.953
102.363	95.39	212.765
136.814	156.486	225.007
92.947	90.971	205.467
126.025	101.813	189.226
174.932	161.288	268.588
97.397	96.64	240.226
103.802	164.876	207.283
170.98	141.263	249.419
91.486	101.082	247.085
106.005	102.76	189.149
176.031	116.873	258.428
99.023	98.014	190.33
99.569	93.61	188.894
99.756	152.448	245.552
178.997	104.02	189.017
176.512	134.991	199.779
171.606	118.244	267.273
111.46	166.752	220.181
174.924	120.584	182.813
92.266	90.981	238.611
131.87	151.683	266.902
90.022	94.632	201.984
163.361	139.832	247.793
175.386	119.713	182.64
178.737	149.652	186.705
95.405	161.762	229.437
142.989	90.086	196.06
179.684	99.551	266.482
99.844	90.757	201.169
132.406	149.648	240.517
171.441	109.219	191.346
99.586	100.098	197.271
96.608	90.033	209.12
165.797	127.592	257.637
159.249	98.625	194.365
175.452	153.977	258.324
171.076	127.012	262.743
101.596	94.542	180.794
169.469	104.097	268.857
92.348	170.882	183.194
95.565	99.443	203.369
123.331	97.786	213.457
179.706	136.233	195.549
177.347	122.364	183.799
179.676	113.192	256.561
92.678	100.171	209.837
174.188	149.721	260.931
100.198	94.992	191.055
110.163	164.997	219.214
171.332	140.685	262.51
121.392	163.907	221.076
179.786	139.386	253.657
92.219	101.019	219.113
136.578	117.889	199.309
118.607	96.753	180.423
173.891	128.25	266.723
169.052	96.61	201.74
168.272	162.084	257.423
179.533	176.561	181.873
171.859	109.448	249.315
133.985	158.367	200.993
174.795	131.626	188.762
111.402	160.655	210.815
145.389	157.465	225.438
112.817	159.832	256.931
176.396	117.992	185.007
164.047	148.222	252.732
171.082	124.41	258.969
168.505	90.135	252.457
130.318	148.99	267.61
91.849	90.381	204.808
169.329	147.763	182.123
98.723	95.355	196.153
90.456	90.958	191.953
92.145	100.891	211.004
95.469	92.972	245.511
92.159	90.427	202.075
130.609	102.423	254.58
96.688	95.898	213.353
170.063	110.332	199.99
140.253	124.971	185.493
91.382	103.401	243.247
93.645	90.096	263.235
169.714	164.413	221.373
97.952	96.104	258.662
109.4	173.635	205.725
179.019	133.874	266.943
172.194	118.783	257.893
97.671	98.422	200.724
167.492	147.786	255.311
133.859	98.708	203.987
179.061	101.317	267.179
149.949	95.59	257.703
156.326	153.307	253.355
156.217	165.973	246.431
160.045	110.739	260.049
175.531	116.973	182.758
167.354	95.833	267.407
96.757	95.288	221.115
139.885	108.963	195.785
174.784	124.671	188.155
93.744	101.178	199.716
171.01	127.361	191.877
172.834	148.923	263.482
178.264	97.509	185.356
96.147	96.929	227.83
151.885	158.653	245.253
169.829	113.642	256.695
169.348	144.412	190.599
164.967	146.062	260.442
118.763	115.137	200.004
168.475	142.263	262.524
172.897	131.997	251.18
98.743	93.426	241.893
91.445	108.157	251.482
101.772	91.32	204.44
90.286	90.862	202.569
170.035	110.298	180.525
176.113	148.468	267.289
175.968	149.933	265.218
154.906	149.811	248.362
165.149	131.568	184.09
107.634	95.826	209.886
113.77	140.79	265.224
176.503	130.292	258.98
91.637	91.674	202.33
164.849	151.54	268.863
177.352	174.479	196.095
91.662	90.344	243.231
179.975	143.155	260.049
94.628	97.994	207.371
174.086	101.167	268.099
168.832	99.686	181.958
174.836	96.353	254.289
177.267	144.778	190.97
172.617	111.942	266.855
154.36	158.629	205.747
168.725	139.454	268.289
117.906	102.754	211.378
95.535	104.175	186.691
124.57	127.993	219.376
156.217	105.842	191.525
142.535	170.284	235.878
101.511	112.783	236.57
169.725	150.063	236.381
136.693	151.099	256.701
167.319	169.809	188.993
172.142	122.004	261.466
100.152	94.348	248.362
172.812	125.412	264.174
91.393	90.881	206.03
94.441	105.948	237.713
177.759	111.098	268.141
96.993	92.748	268.558
129.242	92.666	235.944
131.565	162.066	231.585
105.423	90.061	205.017
173.309	107.738	199.751
95.952	105.833	251.306
168.307	119.695	185.719
173.166	142.688	185.743
179.379	115.041	258.722
175.715	91.382	260.06
91.519	175.946	186.254
154.585	165.387	249.815
117.071	138.574	188.553
163.833	94.69	181.92
93.884	97.045	217.978
168.099	154.819	257.613
111.66	165.617	205.006
174.866	103.196	182.604
175.688	127.029	254.201
112.031	99.718	231.214
96.897	101.608	205.651
156.173	158.315	247.219
146.708	102.516	217.022
99.954	93.231	256.887
122.938	92.293	187.301
132.392	173.698	189.152
121.013	108.104	194.615
178.412	119.864	269.294
104.45	127.519	227.451
130.928	124.255	261.09
129.796	152.684	256.865
102.118	105.356	256.632
174.586	175.8	268.237
164.674	140.109	269.698
177.888	136.274	198.414
176.358	135.84	266.072
161.883	146.649	187.597
147.241	154.374	249.046
174.702	137.577	263.501
95.664	98.097	203.772
137.732	122.521	192.519
171.139	155.497	260.843
167.794	101.251	192.764
97.367	91.887	193.533
100.083	174.74	258.621
92.115	177.099	266.174
122.666	146.678	236.362
172.51	93.188	268.695
149.919	137.673	243.918
173.446	159.772	244.835
169.53	97.467	265.715
91.022	98.998	264.358
179.168	128.908	256.278
176.017	119.741	259.472
96.869	94.384	223.403
111.276	91.605	240.872
150.13	94.155	258.579
171.76	161.12	252.149
156.241	163.246	237.463
177.775	146.087	269.228
169.098	110.436	184.241
98.94	94.83	258.582
174.748	109.812	254.679
179.495	120.896	193.47
140.992	169.037	234.48
176.039	128.545	267.003
179.36	145.009	182.719
150.979	112.106	203.55
109.073	102.09	205.684
131.796	155.649	218.374
169.785	108.115	261.348
139.583	101.947	206.316
177.822	115.574	258.093
151.654	95.013	213.262
145.164	163.514	235.148
132.389	117.752	182.612
104.022	92.62	185.713
159.785	153.265	243.536
174.205	114.938	187.196
92.931	90.53	207.013
102.179	92.498	230.399
94.68	90.532	234.351
173.523	146.065	258.497
104.571	102.448	209.507
136.482	99.954	196.661
150.693	93.072	201.232
144.925	114.594	192.591
129.423	127.632	260.65
129.362	121.126	255.992
146.576	116.736	191.368
143.771	140.174	268.912
129.222	105.733	194.788
177.847	108.192	265.539
106.485	91.27	209.183
145.447	140.832	190.575
100.473	102.185	208.618
		
		
		
		
