50.723	78.854	72.787
32.801	81.529	14.931
34.009	57.882	51.407
26.755	32.845	2.137
8.336	47.374	5.059
82.691	73.985	24.561
33.103	33.417	3.159
89.517	55.069	4.546
56.265	84.584	39.395
6.894	50.135	73.8
63.709	84.225	56.076
66.895	17.877	55.079
29.686	86.795	57.529
76.236	30.195	53.719
56.169	70.063	28.747
56.716	66.271	22.833
76.967	86.206	38.503
22.962	46.842	85.075
22.687	79.089	22.292
25.701	74.918	36.687
24.533	47.122	82.002
31.482	32.579	84.809
55.131	66.972	1.675
41.013	30.914	84.309
24.058	70.028	20.888
69.23	81.267	4.227
31.372	49.918	30.892
50.923	44.814	70.062
30.554	67.92	11.572
53.2	83.203	55.645
16.31	54.48	17.606
21.465	55.985	8.347
69.172	40.871	19.776
5.177	47.886	2.942
32.032	63.304	16.656
50.517	66.555	10.781
76.44	26.626	40.101
25.994	53.355	79.549
87.682	30.094	39.368
89.572	86.604	55.727
26.887	38.609	82.936
43.862	69.187	20.693
19.578	55.766	16.043
47.88	73.083	19.798
9.605	44.819	75.943
86.512	85.124	50.893
37.377	79.143	30.881
23.487	73.17	85.767
47.468	34.491	75.347
11.775	85.275	49.742
9.833	87.672	19.96
48.965	31.043	72.597
48.979	76.04	28.675
30.411	44.428	1.942
49.226	41.577	25.401
23.52	50.078	80.378
34.756	83.302	89.835
81.667	30.534	56.565
12.58	63.002	16.225
16.862	7.746	38.448
56.916	10.721	61.981
16.584	55.439	21.454
51.953	76.858	33.836
67.683	44.004	50.264
69.496	4.103	52.159
39.546	71.314	19.51
83.996	35.165	8.984
41.881	83.201	31.99
65.214	87.194	29.112
31.26	30.86	70.045
57.375	78.598	29.892
25.571	79.495	20.847
65.964	62.486	26.113
36.948	81.058	66.582
41.304	68.197	18.848
74.393	26.202	63.239
40.623	72.535	29.914
49.673	32.178	69.189
41.156	60.09	7.02
81.744	40.241	78.036
57.845	77.498	23.27
29.557	80.392	89.275
48.212	41.065	74.41
69.727	14.751	12.714
77.777	47.718	33.938
58.413	38.127	57.949
86.391	31.598	38.379
69.675	80.541	78.011
85.82	0.775	17.134
16.746	73.053	7.402
75.239	78.929	41.096
39.5	34.679	82.15
59.789	35.657	61.83
42.911	56.842	8.039
40.186	65.401	24.539
48.369	40.737	74.863
65.648	67.941	29.211
38.896	44.841	28.175
22.904	49.946	88.151
49.783	67.51	13.349
62.932	77.903	77.728
52.472	89.154	8.083
79.857	87.29	37.833
52.931	67.824	17.636
32.51	71.142	36.822
58.809	67.595	29.549
84.529	29.885	47.056
63.808	76.937	23.852
76.355	84.752	26.662
79.164	82.891	51.948
67.219	52.198	66.359
58.908	88.104	1.626
42.897	40.239	73.41
9.677	50.899	3.692
44.057	89.563	31.598
9.41	54.356	84.888
70.106	77.726	42.796
88.553	26.462	42.013
79.571	64.055	13.17
8.817	57.146	15.634
60.781	78.107	29.332
30.793	39.099	6.218
38.788	34.946	21.965
55.777	35.147	64.558
56.955	53.36	70.405
34.3	40.624	87.218
73.962	20.354	68.386
0.39	49.51	86.536
44.21	50.939	5.727
6.51	48.013	86.943
59.984	42.111	45.499
10.575	65.777	35.531
2.063	60.354	86.46
22.484	33.207	5.018
66.458	78.003	42.669
48.089	64.907	36.91
14.198	25.553	4.312
69.535	84.643	37.789
83.515	30.286	48.578
57.54	85.863	72.471
27.434	76.554	8.092
15.851	49.556	30.515
82.795	21.967	38.665
32.479	73.601	17.002
20.051	33.812	22.676
83.001	22.513	54.052
50.063	23.01	44.328
59.487	86.989	57.087
13.604	70.711	13.824
41.975	36.344	47.207
18.37	79.557	11.014
25.821	39.733	67.917
88.357	64.064	21.891
8.732	53.144	67.711
51.772	85.936	36.489
0.382	52.778	17.414
59.262	71.236	71.476
73.221	38.013	24.401
58.982	83.965	32.378
39.129	43.529	74.943
41.37	26.871	75.698
28.082	69.316	21.1
85.652	16.504	8.141
35.372	84.153	18.466
3.37	82.082	69.463
58.886	36.927	61.767
34.894	49.188	78.689
62.726	29.436	53.447
31.795	86.853	68.444
34.531	66.837	7.85
43.631	47.82	75.835
57.99	21.963	62.377
36.327	44.213	18.133
7.312	31.307	77.492
16.834	51.725	9.174
55.788	72.794	17.392
48.256	73.083	12.53
86.028	5.682	36.654
57.749	32.748	49.311
57.872	33.274	58.306
24.857	29.046	85.537
38.316	77.976	23.597
45.661	3.877	32.735
16.867	60.573	17.403
18.768	27.635	79.178
29.752	35.183	84.699
21.693	52.443	62.179
57.685	42.803	67.252
8.943	61.167	3.977
52.794	67.505	31.751
58.111	80.039	10.591
12.967	62.271	13.651
51.429	88.288	86.149
61.825	85.782	32.608
68.579	40.098	75.042
19.04	35.881	3.192
38.549	29.24	69.037
47.037	79.232	35.108
71.74	27.244	64.107
17.743	51.515	83.974
10.899	60.918	5.752
87.333	25.634	49.228
17.04	13.632	84.93
50.962	84.61	49.608
76.206	69.327	29.656
24.528	59.304	75.943
36.393	67.302	24.313
60.136	71.46	23.418
16.054	66.06	28.021
57.985	80.725	31.999
82.348	36.122	23.11
85.737	89.899	33.715
64.42	86.699	32.993
76.442	83.272	34.66
13.569	84.766	7.21
68.952	88.858	64.217
50.357	34.78	79.716
25.887	52.604	8.921
48.976	78.664	89.758
74.067	70.201	13.063
26.165	78.938	87.517
39.181	78.246	14.409
48.899	38.016	66.642
12.091	64.832	12.198
85.567	89.711	45.444
12.89	44.707	72.204
66.077	67.463	79.178
27.914	49.114	17.568
71.693	79.893	32.378
42.488	72.264	22.284
81.024	89.178	41.747
61.35	41.028	67.59
85.754	89.586	62.086
37.591	75.971	13.829
56.035	49.144	9.74
3.197	88.956	54.178
60.284	82.636	35.819
3.497	57.256	19.746
42.035	46.926	3.821
35.012	75.932	3.087
10.591	44.786	76.165
71.048	28.749	43.43
72.614	81.129	42.257
51.733	82.177	53.977
37.072	83.214	83.988
76.585	21.704	32.633
43.197	81.815	28.291
55.919	34.973	56.186
46.369	84.691	63.904
53.876	38.841	66.585
22.682	36.291	2.197
24.676	46.017	82.661
15.769	77.565	12.659
70.938	77.912	39.134
48.064	68.099	18.493
73.726	69.519	33.644
18.383	55.195	82.309
80.582	10.824	68.549
84.227	10.319	42.271
49.709	44.062	70.554
62.709	74.875	20.864
81.68	82.267	6.782
34.96	42.26	77.074
5.169	42.782	8.531
35.078	73.079	47.078
68.59	51.6	9.517
14.574	18.21	75.69
34.451	82.449	23.435
23.034	60.045	12.077
45.809	19.213	55.332
53.667	33.37	70.098
58.696	50.112	27.016
88.434	25.524	6.683
65.486	69.041	24.135
46.454	39.287	69.243
52.063	61.293	20.71
2.601	62.974	85.399
62.377	75.168	16.516
64.489	75.737	52.791
15.326	49.208	12.184
39.615	76.079	61.286
1.14	40.905	12.442
80.524	77.561	36.478
18.9	51.785	89.629
25.396	60.731	42.315
0.387	76.004	76.467
24.745	43.785	64.39
2.107	34.961	78.137
18.99	45.098	26.036
11.761	58.614	82.073
64.124	83.363	41.458
23.001	38.709	82.123
6.419	53.621	85.119
26.261	54.746	8.663
28.925	44.275	1.675
87.995	87.66	10.756
13.829	57.323	18.524
46.144	82.232	20.768
47.446	72.695	85.957
55.634	89.236	60.212
28.999	57.942	27.365
31.433	45.364	79.854
86.427	63.419	74.962
10.849	33.55	79.491
34.762	80.105	35.545
1.269	52.2	73.858
55.875	22.613	51.39
63.959	78.496	16.469
41.626	35.803	74.583
51.431	45.89	70.392
1.093	88.451	83.466
33.122	36.418	85.259
45.21	77.212	23.759
21.443	48.933	7.551
75.726	17.15	19.963
32.1	37.211	78.025
79.406	79.808	22.295
52.621	80.672	40.936
67.161	83.55	40.467
12.75	56.263	14.423
12.53	45.335	62.739
19.125	61.86	9.306
63.533	75.692	33.732
23.259	52.644	10.215
87.709	69.17	81.367
51.536	41.254	51.492
59.795	76.722	39.189
2.019	45.898	87.668
64.31	74.069	42.378
54.672	70.711	29.529
70.457	47.377	76.539
55.007	45.379	70.641
15.357	78.796	2.763
36.588	39.541	62.868
68.733	83.226	53.359
14.881	47.234	6.337
89.363	73.373	36.511
7.586	61.502	10.674
5.499	56.662	83.867
77.681	87.101	28.373
77.898	83.198	41.085
59.369	79.191	40.642
48.503	67.567	11.305
54.606	34.103	59.669
76.409	83.886	27.722
50.728	81.767	38.97
26.758	42.462	0.827
14.81	53.183	2.063
51.239	29.51	64.006
74.089	31.186	3.642
53.733	38.592	58.847
62.533	84.257	34.586
47.138	59.864	13.211
34.435	73.799	69.908
74.536	33.114	49.695
59.21	80.915	16.238
59.012	81.345	36.086
51.393	32.777	76.794
22.501	48.856	89.599
83.988	86.45	55.299
55.941	40.734	48.009
78.247	88.19	44.265
63.723	81.355	16.985
49.981	86.688	36.646
46.358	61.462	36.014
80.159	18.548	18.381
58.161	26.376	54.856
49.844	86.7	47.471
53.868	62.964	29.81
89.569	85.047	58.872
81.219	36.658	45.059
9.984	55.101	2.304
11.371	30.778	0.596
20.564	45.029	78.574
22.762	61.199	14.332
19.795	78.285	19.46
61.415	30.531	38.234
68.917	81.907	38.83
55.384	83.43	37.231
25.382	69.115	86.185
35.023	44.617	88.44
86.644	80.169	35.218
68.56	57.814	87.624
5.26	61.452	11.687
63.044	48.726	18.754
27.296	81.334	56.334
44.359	72.894	22.361
31.968	45.561	86.91
46.284	26.067	89.069
48.586	46.479	52.725
22.157	49.238	1.901
49.044	46.375	73.561
16.076	44.305	22.218
61.693	58.051	28.422
47.394	87.766	2.931
38.129	24.078	67.532
58.916	76.378	29.183
34.017	30.358	77.255
40.425	28.006	67.851
83.735	28.099	85.257
2.631	64.264	4.793
17.433	47.824	4.535
41.617	53.775	19.644
35.55	40.999	80.568
39.854	44.335	87.926
37.742	55.598	21.081
7.323	57.967	7.312
74.509	73.586	47.844
22.913	51.62	10.624
21.517	45.106	84.391
81.367	79.68	0.115
50.042	81.584	32.018
57.458	38.623	71.043
59.787	79.104	39.406
89.871	30.248	39.376
83.735	77.174	15.634
71.092	64.749	31.911
8.968	70.793	11.088
70.144	22.853	27.387
37.168	78.535	61.229
66.804	28.273	48.558
33.622	36.353	65.129
4.996	71.068	8.506
43.09	36.456	74.355
2.263	59.267	84.402
42.409	41.315	85.839
13.044	85.454	82.529
47.303	73.375	15.326
37.981	88.337	79.31
45.312	35.277	62.951
48.789	45.898	86.319
73.775	88.381	60.619
58.639	75.273	33.877
65.222	88.608	47.819
89.195	23.902	61.484
75.915	81.928	24.731
31.276	42.993	80.793
1.055	56.687	11.907
78.741	86.431	23.778
26.5	52.216	6.677
30.197	60.835	11.396
54.455	82.995	34.147
45.553	70.844	18.213
87.078	36.465	26.217
51.53	63.489	87.976
86.473	35.259	15.851
19.438	47.533	21.732
41.01	27.022	62.168
89.072	27.305	49.907
80.796	26.829	82.625
36.102	40.406	77.049
1.923	34.346	3.01
75.86	66.028	27.395
2.17	46.395	89.316
46.976	77.226	11.693
38.799	48.668	82.727
89.923	22.699	56.606
29.892	44.515	3.856
89.459	29.028	49.857
22.778	35.165	74.08
41.041	39.508	76.558
19.856	82.166	21.377
54.711	33.79	78.533
43.782	32.8	70.164
64.783	8.027	57.534
32.309	29.62	67.549
75.382	85.582	28.615
81.774	39.274	48.201
0.942	62.589	7.976
48.762	34.022	70.177
31.718	49.206	84.199
75.094	42.059	86.193
84.507	83.075	44.268
71.034	30.476	57.578
24.14	58.319	10.643
9.465	36.752	6.131
49.385	63.562	9.811
13.247	60.146	17.139
52.827	79.127	50.923
43.32	67.019	16.639
0.629	75.704	30.084
30.337	39.312	4.364
50.55	57.835	25.747
1.184	18.994	23.13
37.259	28.125	83.869
84.699	3.954	60.446
80.584	72.662	60.569
34.995	87.287	26.308
47.806	77.591	33.246
13.879	46.187	84.13
52.956	22.513	68.167
75.036	36.276	52.827
29.016	53.944	6.554
59.872	78.146	36.481
83.012	89.935	61.042
79.642	83.951	23.484
26.431	58.113	3.67
1.239	47.881	74.399
85.96	88.753	77.887
48.446	60.12	26.747
230.723	78.854	72.787
212.801	81.529	14.931
214.009	57.882	51.407
206.755	32.845	2.137
188.336	47.374	5.059
262.691	73.985	24.561
213.103	33.417	3.159
269.517	55.069	4.546
236.265	84.584	39.395
186.894	50.135	73.8
243.709	84.225	56.076
246.895	17.877	55.079
209.686	86.795	57.529
256.236	30.195	53.719
236.169	70.063	28.747
236.716	66.271	22.833
256.967	86.206	38.503
202.962	46.842	85.075
202.687	79.089	22.292
205.701	74.918	36.687
204.533	47.122	82.002
211.482	32.579	84.809
235.131	66.972	1.675
221.013	30.914	84.309
204.058	70.028	20.888
249.23	81.267	4.227
211.372	49.918	30.892
230.923	44.814	70.062
210.554	67.92	11.572
233.2	83.203	55.645
196.31	54.48	17.606
201.465	55.985	8.347
249.172	40.871	19.776
185.177	47.886	2.942
212.032	63.304	16.656
230.517	66.555	10.781
256.44	26.626	40.101
205.994	53.355	79.549
267.682	30.094	39.368
269.572	86.604	55.727
206.887	38.609	82.936
223.862	69.187	20.693
199.578	55.766	16.043
227.88	73.083	19.798
189.605	44.819	75.943
266.512	85.124	50.893
217.377	79.143	30.881
203.487	73.17	85.767
227.468	34.491	75.347
191.775	85.275	49.742
189.833	87.672	19.96
228.965	31.043	72.597
228.979	76.04	28.675
210.411	44.428	1.942
229.226	41.577	25.401
203.52	50.078	80.378
214.756	83.302	89.835
261.667	30.534	56.565
192.58	63.002	16.225
196.862	7.746	38.448
236.916	10.721	61.981
196.584	55.439	21.454
231.953	76.858	33.836
247.683	44.004	50.264
249.496	4.103	52.159
219.546	71.314	19.51
263.996	35.165	8.984
221.881	83.201	31.99
245.214	87.194	29.112
211.26	30.86	70.045
237.375	78.598	29.892
205.571	79.495	20.847
245.964	62.486	26.113
216.948	81.058	66.582
221.304	68.197	18.848
254.393	26.202	63.239
220.623	72.535	29.914
229.673	32.178	69.189
221.156	60.09	7.02
261.744	40.241	78.036
237.845	77.498	23.27
209.557	80.392	89.275
228.212	41.065	74.41
249.727	14.751	12.714
257.777	47.718	33.938
238.413	38.127	57.949
266.391	31.598	38.379
249.675	80.541	78.011
265.82	0.775	17.134
196.746	73.053	7.402
255.239	78.929	41.096
219.5	34.679	82.15
239.789	35.657	61.83
222.911	56.842	8.039
220.186	65.401	24.539
228.369	40.737	74.863
245.648	67.941	29.211
218.896	44.841	28.175
202.904	49.946	88.151
229.783	67.51	13.349
242.932	77.903	77.728
232.472	89.154	8.083
259.857	87.29	37.833
232.931	67.824	17.636
212.51	71.142	36.822
238.809	67.595	29.549
264.529	29.885	47.056
243.808	76.937	23.852
256.355	84.752	26.662
259.164	82.891	51.948
247.219	52.198	66.359
238.908	88.104	1.626
222.897	40.239	73.41
189.677	50.899	3.692
224.057	89.563	31.598
189.41	54.356	84.888
250.106	77.726	42.796
268.553	26.462	42.013
259.571	64.055	13.17
188.817	57.146	15.634
240.781	78.107	29.332
210.793	39.099	6.218
218.788	34.946	21.965
235.777	35.147	64.558
236.955	53.36	70.405
214.3	40.624	87.218
253.962	20.354	68.386
180.39	49.51	86.536
224.21	50.939	5.727
186.51	48.013	86.943
239.984	42.111	45.499
190.575	65.777	35.531
182.063	60.354	86.46
202.484	33.207	5.018
246.458	78.003	42.669
228.089	64.907	36.91
194.198	25.553	4.312
249.535	84.643	37.789
263.515	30.286	48.578
237.54	85.863	72.471
207.434	76.554	8.092
195.851	49.556	30.515
262.795	21.967	38.665
212.479	73.601	17.002
200.051	33.812	22.676
263.001	22.513	54.052
230.063	23.01	44.328
239.487	86.989	57.087
193.604	70.711	13.824
221.975	36.344	47.207
198.37	79.557	11.014
205.821	39.733	67.917
268.357	64.064	21.891
188.732	53.144	67.711
231.772	85.936	36.489
180.382	52.778	17.414
239.262	71.236	71.476
253.221	38.013	24.401
238.982	83.965	32.378
219.129	43.529	74.943
221.37	26.871	75.698
208.082	69.316	21.1
265.652	16.504	8.141
215.372	84.153	18.466
183.37	82.082	69.463
238.886	36.927	61.767
214.894	49.188	78.689
242.726	29.436	53.447
211.795	86.853	68.444
214.531	66.837	7.85
223.631	47.82	75.835
237.99	21.963	62.377
216.327	44.213	18.133
187.312	31.307	77.492
196.834	51.725	9.174
235.788	72.794	17.392
228.256	73.083	12.53
266.028	5.682	36.654
237.749	32.748	49.311
237.872	33.274	58.306
204.857	29.046	85.537
218.316	77.976	23.597
225.661	3.877	32.735
196.867	60.573	17.403
198.768	27.635	79.178
209.752	35.183	84.699
201.693	52.443	62.179
237.685	42.803	67.252
188.943	61.167	3.977
232.794	67.505	31.751
238.111	80.039	10.591
192.967	62.271	13.651
231.429	88.288	86.149
241.825	85.782	32.608
248.579	40.098	75.042
199.04	35.881	3.192
218.549	29.24	69.037
227.037	79.232	35.108
251.74	27.244	64.107
197.743	51.515	83.974
190.899	60.918	5.752
267.333	25.634	49.228
197.04	13.632	84.93
230.962	84.61	49.608
256.206	69.327	29.656
204.528	59.304	75.943
216.393	67.302	24.313
240.136	71.46	23.418
196.054	66.06	28.021
237.985	80.725	31.999
262.348	36.122	23.11
265.737	89.899	33.715
244.42	86.699	32.993
256.442	83.272	34.66
193.569	84.766	7.21
248.952	88.858	64.217
230.357	34.78	79.716
205.887	52.604	8.921
228.976	78.664	89.758
254.067	70.201	13.063
206.165	78.938	87.517
219.181	78.246	14.409
228.899	38.016	66.642
192.091	64.832	12.198
265.567	89.711	45.444
192.89	44.707	72.204
246.077	67.463	79.178
207.914	49.114	17.568
251.693	79.893	32.378
222.488	72.264	22.284
261.024	89.178	41.747
241.35	41.028	67.59
265.754	89.586	62.086
217.591	75.971	13.829
236.035	49.144	9.74
183.197	88.956	54.178
240.284	82.636	35.819
183.497	57.256	19.746
222.035	46.926	3.821
215.012	75.932	3.087
190.591	44.786	76.165
251.048	28.749	43.43
252.614	81.129	42.257
231.733	82.177	53.977
217.072	83.214	83.988
256.585	21.704	32.633
223.197	81.815	28.291
235.919	34.973	56.186
226.369	84.691	63.904
233.876	38.841	66.585
202.682	36.291	2.197
204.676	46.017	82.661
195.769	77.565	12.659
250.938	77.912	39.134
228.064	68.099	18.493
253.726	69.519	33.644
198.383	55.195	82.309
260.582	10.824	68.549
264.227	10.319	42.271
229.709	44.062	70.554
242.709	74.875	20.864
261.68	82.267	6.782
214.96	42.26	77.074
185.169	42.782	8.531
215.078	73.079	47.078
248.59	51.6	9.517
194.574	18.21	75.69
214.451	82.449	23.435
203.034	60.045	12.077
225.809	19.213	55.332
233.667	33.37	70.098
238.696	50.112	27.016
268.434	25.524	6.683
245.486	69.041	24.135
226.454	39.287	69.243
232.063	61.293	20.71
182.601	62.974	85.399
242.377	75.168	16.516
244.489	75.737	52.791
195.326	49.208	12.184
219.615	76.079	61.286
181.14	40.905	12.442
260.524	77.561	36.478
198.9	51.785	89.629
205.396	60.731	42.315
180.387	76.004	76.467
204.745	43.785	64.39
182.107	34.961	78.137
198.99	45.098	26.036
191.761	58.614	82.073
244.124	83.363	41.458
203.001	38.709	82.123
186.419	53.621	85.119
206.261	54.746	8.663
208.925	44.275	1.675
267.995	87.66	10.756
193.829	57.323	18.524
226.144	82.232	20.768
227.446	72.695	85.957
235.634	89.236	60.212
208.999	57.942	27.365
211.433	45.364	79.854
266.427	63.419	74.962
190.849	33.55	79.491
214.762	80.105	35.545
181.269	52.2	73.858
235.875	22.613	51.39
243.959	78.496	16.469
221.626	35.803	74.583
231.431	45.89	70.392
181.093	88.451	83.466
213.122	36.418	85.259
225.21	77.212	23.759
201.443	48.933	7.551
255.726	17.15	19.963
212.1	37.211	78.025
259.406	79.808	22.295
232.621	80.672	40.936
247.161	83.55	40.467
192.75	56.263	14.423
192.53	45.335	62.739
199.125	61.86	9.306
243.533	75.692	33.732
203.259	52.644	10.215
267.709	69.17	81.367
231.536	41.254	51.492
239.795	76.722	39.189
182.019	45.898	87.668
244.31	74.069	42.378
234.672	70.711	29.529
250.457	47.377	76.539
235.007	45.379	70.641
195.357	78.796	2.763
216.588	39.541	62.868
248.733	83.226	53.359
194.881	47.234	6.337
269.363	73.373	36.511
187.586	61.502	10.674
185.499	56.662	83.867
257.681	87.101	28.373
257.898	83.198	41.085
239.369	79.191	40.642
228.503	67.567	11.305
234.606	34.103	59.669
256.409	83.886	27.722
230.728	81.767	38.97
206.758	42.462	0.827
194.81	53.183	2.063
231.239	29.51	64.006
254.089	31.186	3.642
233.733	38.592	58.847
242.533	84.257	34.586
227.138	59.864	13.211
214.435	73.799	69.908
254.536	33.114	49.695
239.21	80.915	16.238
239.012	81.345	36.086
231.393	32.777	76.794
202.501	48.856	89.599
263.988	86.45	55.299
235.941	40.734	48.009
258.247	88.19	44.265
243.723	81.355	16.985
229.981	86.688	36.646
226.358	61.462	36.014
260.159	18.548	18.381
238.161	26.376	54.856
229.844	86.7	47.471
233.868	62.964	29.81
269.569	85.047	58.872
261.219	36.658	45.059
189.984	55.101	2.304
191.371	30.778	0.596
200.564	45.029	78.574
202.762	61.199	14.332
199.795	78.285	19.46
241.415	30.531	38.234
248.917	81.907	38.83
235.384	83.43	37.231
205.382	69.115	86.185
215.023	44.617	88.44
266.644	80.169	35.218
248.56	57.814	87.624
185.26	61.452	11.687
243.044	48.726	18.754
207.296	81.334	56.334
224.359	72.894	22.361
211.968	45.561	86.91
226.284	26.067	89.069
228.586	46.479	52.725
202.157	49.238	1.901
229.044	46.375	73.561
196.076	44.305	22.218
241.693	58.051	28.422
227.394	87.766	2.931
218.129	24.078	67.532
238.916	76.378	29.183
214.017	30.358	77.255
220.425	28.006	67.851
263.735	28.099	85.257
182.631	64.264	4.793
197.433	47.824	4.535
221.617	53.775	19.644
215.55	40.999	80.568
219.854	44.335	87.926
217.742	55.598	21.081
187.323	57.967	7.312
254.509	73.586	47.844
202.913	51.62	10.624
201.517	45.106	84.391
261.367	79.68	0.115
230.042	81.584	32.018
237.458	38.623	71.043
239.787	79.104	39.406
269.871	30.248	39.376
263.735	77.174	15.634
251.092	64.749	31.911
188.968	70.793	11.088
250.144	22.853	27.387
217.168	78.535	61.229
246.804	28.273	48.558
213.622	36.353	65.129
184.996	71.068	8.506
223.09	36.456	74.355
182.263	59.267	84.402
222.409	41.315	85.839
193.044	85.454	82.529
227.303	73.375	15.326
217.981	88.337	79.31
225.312	35.277	62.951
228.789	45.898	86.319
253.775	88.381	60.619
238.639	75.273	33.877
245.222	88.608	47.819
269.195	23.902	61.484
255.915	81.928	24.731
211.276	42.993	80.793
181.055	56.687	11.907
258.741	86.431	23.778
206.5	52.216	6.677
210.197	60.835	11.396
234.455	82.995	34.147
225.553	70.844	18.213
267.078	36.465	26.217
231.53	63.489	87.976
266.473	35.259	15.851
199.438	47.533	21.732
221.01	27.022	62.168
269.072	27.305	49.907
260.796	26.829	82.625
216.102	40.406	77.049
181.923	34.346	3.01
255.86	66.028	27.395
182.17	46.395	89.316
226.976	77.226	11.693
218.799	48.668	82.727
269.923	22.699	56.606
209.892	44.515	3.856
269.459	29.028	49.857
202.778	35.165	74.08
221.041	39.508	76.558
199.856	82.166	21.377
234.711	33.79	78.533
223.782	32.8	70.164
244.783	8.027	57.534
212.309	29.62	67.549
255.382	85.582	28.615
261.774	39.274	48.201
180.942	62.589	7.976
228.762	34.022	70.177
211.718	49.206	84.199
255.094	42.059	86.193
264.507	83.075	44.268
251.034	30.476	57.578
204.14	58.319	10.643
189.465	36.752	6.131
229.385	63.562	9.811
193.247	60.146	17.139
232.827	79.127	50.923
223.32	67.019	16.639
180.629	75.704	30.084
210.337	39.312	4.364
230.55	57.835	25.747
181.184	18.994	23.13
217.259	28.125	83.869
264.699	3.954	60.446
260.584	72.662	60.569
214.995	87.287	26.308
227.806	77.591	33.246
193.879	46.187	84.13
232.956	22.513	68.167
255.036	36.276	52.827
209.016	53.944	6.554
239.872	78.146	36.481
263.012	89.935	61.042
259.642	83.951	23.484
206.431	58.113	3.67
181.239	47.881	74.399
265.96	88.753	77.887
228.446	60.12	26.747
309.277	101.146	252.787
327.199	98.471	194.931
325.991	122.118	231.407
333.245	147.155	182.137
351.664	132.626	185.059
277.309	106.015	204.561
326.897	146.583	183.159
270.483	124.931	184.546
303.735	95.416	219.395
353.106	129.865	253.8
296.291	95.775	236.076
293.105	162.123	235.079
330.314	93.205	237.529
283.764	149.805	233.719
303.831	109.937	208.747
303.284	113.729	202.833
283.033	93.794	218.503
337.038	133.158	265.075
337.313	100.911	202.292
334.299	105.082	216.687
335.467	132.878	262.002
328.518	147.421	264.809
304.869	113.028	181.675
318.987	149.086	264.309
335.942	109.972	200.888
290.77	98.733	184.227
328.628	130.082	210.892
309.077	135.186	250.062
329.446	112.08	191.572
306.8	96.797	235.645
343.69	125.52	197.606
338.535	124.015	188.347
290.828	139.129	199.776
354.823	132.114	182.942
327.968	116.696	196.656
309.483	113.445	190.781
283.56	153.374	220.101
334.006	126.645	259.549
272.318	149.906	219.368
270.428	93.396	235.727
333.113	141.391	262.936
316.138	110.813	200.693
340.422	124.234	196.043
312.12	106.917	199.798
350.395	135.181	255.943
273.488	94.876	230.893
322.623	100.857	210.881
336.513	106.83	265.767
312.532	145.509	255.347
348.225	94.725	229.742
350.167	92.328	199.96
311.035	148.957	252.597
311.021	103.96	208.675
329.589	135.572	181.942
310.774	138.423	205.401
336.48	129.922	260.378
325.244	96.698	269.835
278.333	149.466	236.565
347.42	116.998	196.225
343.138	172.254	218.448
303.084	169.279	241.981
343.416	124.561	201.454
308.047	103.142	213.836
292.317	135.996	230.264
290.504	175.897	232.159
320.454	108.686	199.51
276.004	144.835	188.984
318.119	96.799	211.99
294.786	92.806	209.112
328.74	149.14	250.045
302.625	101.402	209.892
334.429	100.505	200.847
294.036	117.514	206.113
323.052	98.942	246.582
318.696	111.803	198.848
285.607	153.798	243.239
319.377	107.465	209.914
310.327	147.822	249.189
318.844	119.91	187.02
278.256	139.759	258.036
302.155	102.502	203.27
330.443	99.608	269.275
311.788	138.935	254.41
290.273	165.249	192.714
282.223	132.282	213.938
301.587	141.873	237.949
273.609	148.402	218.379
290.325	99.459	258.011
274.18	179.225	197.134
343.254	106.947	187.402
284.761	101.071	221.096
320.5	145.321	262.15
300.211	144.343	241.83
317.089	123.158	188.039
319.814	114.599	204.539
311.631	139.263	254.863
294.352	112.059	209.211
321.104	135.159	208.175
337.096	130.054	268.151
310.217	112.49	193.349
297.068	102.097	257.728
307.528	90.846	188.083
280.143	92.71	217.833
307.069	112.176	197.636
327.49	108.858	216.822
301.191	112.405	209.549
275.471	150.115	227.056
296.192	103.063	203.852
283.645	95.248	206.662
280.836	97.109	231.948
292.781	127.802	246.359
301.092	91.896	181.626
317.103	139.761	253.41
350.323	129.101	183.692
315.943	90.437	211.598
350.59	125.644	264.888
289.894	102.274	222.796
271.447	153.538	222.013
280.429	115.945	193.17
351.183	122.854	195.634
299.219	101.893	209.332
329.207	140.901	186.218
321.212	145.054	201.965
304.223	144.853	244.558
303.045	126.64	250.405
325.7	139.376	267.218
286.038	159.646	248.386
359.61	130.49	266.536
315.79	129.061	185.727
353.49	131.987	266.943
300.016	137.889	225.499
349.425	114.223	215.531
357.937	119.646	266.46
337.516	146.793	185.018
293.542	101.997	222.669
311.911	115.093	216.91
345.802	154.447	184.312
290.465	95.357	217.789
276.485	149.714	228.578
302.46	94.137	252.471
332.566	103.446	188.092
344.149	130.444	210.515
277.205	158.033	218.665
327.521	106.399	197.002
339.949	146.188	202.676
276.999	157.487	234.052
309.937	156.99	224.328
300.513	93.011	237.087
346.396	109.289	193.824
318.025	143.656	227.207
341.63	100.443	191.014
334.179	140.267	247.917
271.643	115.936	201.891
351.268	126.856	247.711
308.228	94.064	216.489
359.618	127.222	197.414
300.738	108.764	251.476
286.779	141.987	204.401
301.018	96.035	212.378
320.871	136.471	254.943
318.63	153.129	255.698
331.918	110.684	201.1
274.348	163.496	188.141
324.628	95.847	198.466
356.63	97.918	249.463
301.114	143.073	241.767
325.106	130.812	258.689
297.274	150.564	233.447
328.205	93.147	248.444
325.469	113.163	187.85
316.369	132.18	255.835
302.01	158.037	242.377
323.673	135.787	198.133
352.688	148.693	257.492
343.166	128.275	189.174
304.212	107.206	197.392
311.744	106.917	192.53
273.972	174.318	216.654
302.251	147.252	229.311
302.128	146.726	238.306
335.143	150.954	265.537
321.684	102.024	203.597
314.339	176.123	212.735
343.133	119.427	197.403
341.232	152.365	259.178
330.248	144.817	264.699
338.307	127.557	242.179
302.315	137.197	247.252
351.057	118.833	183.977
307.206	112.495	211.751
301.889	99.961	190.591
347.033	117.729	193.651
308.571	91.712	266.149
298.175	94.218	212.608
291.421	139.902	255.042
340.96	144.119	183.192
321.451	150.76	249.037
312.963	100.768	215.108
288.26	152.756	244.107
342.257	128.485	263.974
349.101	119.082	185.752
272.667	154.366	229.228
342.96	166.368	264.93
309.038	95.39	229.608
283.794	110.673	209.656
335.472	120.696	255.943
323.607	112.698	204.313
299.864	108.54	203.418
343.946	113.94	208.021
302.015	99.275	211.999
277.652	143.878	203.11
274.263	90.101	213.715
295.58	93.301	212.993
283.558	96.728	214.66
346.431	95.234	187.21
291.048	91.142	244.217
309.643	145.22	259.716
334.113	127.396	188.921
311.024	101.336	269.758
285.933	109.799	193.063
333.835	101.062	267.517
320.819	101.754	194.409
311.101	141.984	246.642
347.909	115.168	192.198
274.433	90.289	225.444
347.11	135.293	252.204
293.923	112.537	259.178
332.086	130.886	197.568
288.307	100.107	212.378
317.512	107.736	202.284
278.976	90.822	221.747
298.65	138.972	247.59
274.246	90.414	242.086
322.409	104.029	193.829
303.965	130.856	189.74
356.803	91.044	234.178
299.716	97.364	215.819
356.503	122.744	199.746
317.965	133.074	183.821
324.988	104.068	183.087
349.409	135.214	256.165
288.952	151.251	223.43
287.386	98.871	222.257
308.267	97.823	233.977
322.928	96.786	263.988
283.415	158.296	212.633
316.803	98.185	208.291
304.081	145.027	236.186
313.631	95.309	243.904
306.124	141.159	246.585
337.318	143.709	182.197
335.324	133.983	262.661
344.231	102.435	192.659
289.062	102.088	219.134
311.936	111.901	198.493
286.274	110.481	213.644
341.617	124.805	262.309
279.418	169.176	248.549
275.773	169.681	222.271
310.291	135.938	250.554
297.291	105.125	200.864
278.32	97.733	186.782
325.04	137.74	257.074
354.831	137.218	188.531
324.922	106.921	227.078
291.41	128.4	189.517
345.426	161.79	255.69
325.549	97.551	203.435
336.966	119.955	192.077
314.191	160.787	235.332
306.333	146.63	250.098
301.304	129.888	207.016
271.566	154.476	186.683
294.514	110.959	204.135
313.546	140.713	249.243
307.937	118.707	200.71
357.399	117.026	265.399
297.623	104.832	196.516
295.511	104.263	232.791
344.674	130.792	192.184
320.385	103.921	241.286
358.86	139.095	192.442
279.476	102.439	216.478
341.1	128.215	269.629
334.604	119.269	222.315
359.613	103.996	256.467
335.255	136.215	244.39
357.893	145.039	258.137
341.01	134.902	206.036
348.239	121.386	262.073
295.876	96.637	221.458
336.999	141.291	262.123
353.581	126.379	265.119
333.739	125.254	188.663
331.075	135.725	181.675
272.005	92.34	190.756
346.171	122.677	198.524
313.856	97.768	200.768
312.554	107.305	265.957
304.366	90.764	240.212
331.001	122.058	207.365
328.567	134.636	259.854
273.573	116.581	254.962
349.151	146.45	259.491
325.238	99.895	215.545
358.731	127.8	253.858
304.125	157.387	231.39
296.041	101.504	196.469
318.374	144.197	254.583
308.569	134.11	250.392
358.907	91.549	263.466
326.878	143.582	265.259
314.79	102.788	203.759
338.557	131.067	187.551
284.274	162.85	199.963
327.9	142.789	258.025
280.594	100.192	202.295
307.379	99.328	220.936
292.839	96.45	220.467
347.25	123.737	194.423
347.47	134.665	242.739
340.875	118.14	189.306
296.467	104.308	213.732
336.741	127.356	190.215
272.291	110.83	261.367
308.464	138.746	231.492
300.205	103.278	219.189
357.981	134.102	267.668
295.69	105.931	222.378
305.328	109.289	209.529
289.543	132.623	256.539
304.993	134.621	250.641
344.643	101.204	182.763
323.412	140.459	242.868
291.267	96.774	233.359
345.119	132.766	186.337
270.637	106.627	216.511
352.414	118.498	190.674
354.501	123.338	263.867
282.319	92.899	208.373
282.102	96.802	221.085
300.631	100.809	220.642
311.497	112.433	191.305
305.394	145.897	239.669
283.591	96.114	207.722
309.272	98.233	218.97
333.242	137.538	180.827
345.19	126.817	182.063
308.761	150.49	244.006
285.911	148.814	183.642
306.267	141.408	238.847
297.467	95.743	214.586
312.862	120.136	193.211
325.565	106.201	249.908
285.464	146.886	229.695
300.79	99.085	196.238
300.988	98.655	216.086
308.607	147.223	256.794
337.499	131.144	269.599
276.012	93.55	235.299
304.059	139.266	228.009
281.753	91.81	224.265
296.277	98.645	196.985
310.019	93.312	216.646
313.642	118.538	216.014
279.841	161.452	198.381
301.839	153.624	234.856
310.156	93.3	227.471
306.132	117.036	209.81
270.431	94.953	238.872
278.781	143.342	225.059
350.016	124.899	182.304
348.629	149.222	180.596
339.436	134.971	258.574
337.238	118.801	194.332
340.205	101.715	199.46
298.585	149.469	218.234
291.083	98.093	218.83
304.616	96.57	217.231
334.618	110.885	266.185
324.977	135.383	268.44
273.356	99.831	215.218
291.44	122.186	267.624
354.74	118.548	191.687
296.956	131.274	198.754
332.704	98.666	236.334
315.641	107.106	202.361
328.032	134.439	266.91
313.716	153.933	269.069
311.414	133.521	232.725
337.843	130.762	181.901
310.956	133.625	253.561
343.924	135.695	202.218
298.307	121.949	208.422
312.606	92.234	182.931
321.871	155.922	247.532
301.084	103.622	209.183
325.983	149.642	257.255
319.575	151.994	247.851
276.265	151.901	265.257
357.369	115.736	184.793
342.567	132.176	184.535
318.383	126.225	199.644
324.45	139.001	260.568
320.146	135.665	267.926
322.258	124.402	201.081
352.677	122.033	187.312
285.491	106.414	227.844
337.087	128.38	190.624
338.483	134.894	264.391
278.633	100.32	180.115
309.958	98.416	212.018
302.542	141.377	251.043
300.213	100.896	219.406
270.129	149.752	219.376
276.265	102.826	195.634
288.908	115.251	211.911
351.032	109.207	191.088
289.856	157.147	207.387
322.832	101.465	241.229
293.196	151.727	228.558
326.378	143.647	245.129
355.004	108.932	188.506
316.91	143.544	254.355
357.737	120.733	264.402
317.591	138.685	265.839
346.956	94.546	262.529
312.697	106.625	195.326
322.019	91.663	259.31
314.688	144.723	242.951
311.211	134.102	266.319
286.225	91.619	240.619
301.361	104.727	213.877
294.778	91.392	227.819
270.805	156.098	241.484
284.085	98.072	204.731
328.724	137.007	260.793
358.945	123.313	191.907
281.259	93.569	203.778
333.5	127.784	186.677
329.803	119.165	191.396
305.545	97.005	214.147
314.447	109.156	198.213
272.922	143.535	206.217
308.47	116.511	267.976
273.527	144.741	195.851
340.562	132.467	201.732
318.99	152.978	242.168
270.928	152.695	229.907
279.204	153.171	262.625
323.898	139.594	257.049
358.077	145.654	183.01
284.14	113.972	207.395
357.83	133.605	269.316
313.024	102.774	191.693
321.201	131.332	262.727
270.077	157.301	236.606
330.108	135.485	183.856
270.541	150.972	229.857
337.222	144.835	254.08
318.959	140.492	256.558
340.144	97.834	201.377
305.289	146.21	258.533
316.218	147.2	250.164
295.217	171.973	237.534
327.691	150.38	247.549
284.618	94.418	208.615
278.226	140.726	228.201
359.058	117.411	187.976
311.238	145.978	250.177
328.282	130.794	264.199
284.906	137.941	266.193
275.493	96.925	224.268
288.966	149.524	237.578
335.86	121.681	190.643
350.535	143.248	186.131
310.615	116.438	189.811
346.753	119.854	197.139
307.173	100.873	230.923
316.68	112.981	196.639
359.371	104.296	210.084
329.663	140.688	184.364
309.45	122.165	205.747
358.816	161.006	203.13
322.741	151.875	263.869
275.301	176.046	240.446
279.416	107.338	240.569
325.005	92.713	206.308
312.194	102.409	213.246
346.121	133.813	264.13
307.044	157.487	248.167
284.964	143.724	232.827
330.984	126.056	186.554
300.128	101.854	216.481
276.988	90.065	241.042
280.358	96.049	203.484
333.569	121.887	183.67
358.761	132.119	254.399
274.04	91.247	257.887
311.554	119.88	206.747
129.277	101.146	252.787
147.199	98.471	194.931
145.991	122.118	231.407
153.245	147.155	182.137
171.664	132.626	185.059
97.309	106.015	204.561
146.897	146.583	183.159
90.483	124.931	184.546
123.735	95.416	219.395
173.106	129.865	253.8
116.291	95.775	236.076
113.105	162.123	235.079
150.314	93.205	237.529
103.764	149.805	233.719
123.831	109.937	208.747
123.284	113.729	202.833
103.033	93.794	218.503
157.038	133.158	265.075
157.313	100.911	202.292
154.299	105.082	216.687
155.467	132.878	262.002
148.518	147.421	264.809
124.869	113.028	181.675
138.987	149.086	264.309
155.942	109.972	200.888
110.77	98.733	184.227
148.628	130.082	210.892
129.077	135.186	250.062
149.446	112.08	191.572
126.8	96.797	235.645
163.69	125.52	197.606
158.535	124.015	188.347
110.828	139.129	199.776
174.823	132.114	182.942
147.968	116.696	196.656
129.483	113.445	190.781
103.56	153.374	220.101
154.006	126.645	259.549
92.318	149.906	219.368
90.428	93.396	235.727
153.113	141.391	262.936
136.138	110.813	200.693
160.422	124.234	196.043
132.12	106.917	199.798
170.395	135.181	255.943
93.488	94.876	230.893
142.623	100.857	210.881
156.513	106.83	265.767
132.532	145.509	255.347
168.225	94.725	229.742
170.167	92.328	199.96
131.035	148.957	252.597
131.021	103.96	208.675
149.589	135.572	181.942
130.774	138.423	205.401
156.48	129.922	260.378
145.244	96.698	269.835
98.333	149.466	236.565
167.42	116.998	196.225
163.138	172.254	218.448
123.084	169.279	241.981
163.416	124.561	201.454
128.047	103.142	213.836
112.317	135.996	230.264
110.504	175.897	232.159
140.454	108.686	199.51
96.004	144.835	188.984
138.119	96.799	211.99
114.786	92.806	209.112
148.74	149.14	250.045
122.625	101.402	209.892
154.429	100.505	200.847
114.036	117.514	206.113
143.052	98.942	246.582
138.696	111.803	198.848
105.607	153.798	243.239
139.377	107.465	209.914
130.327	147.822	249.189
138.844	119.91	187.02
98.256	139.759	258.036
122.155	102.502	203.27
150.443	99.608	269.275
131.788	138.935	254.41
110.273	165.249	192.714
102.223	132.282	213.938
121.587	141.873	237.949
93.609	148.402	218.379
110.325	99.459	258.011
94.18	179.225	197.134
163.254	106.947	187.402
104.761	101.071	221.096
140.5	145.321	262.15
120.211	144.343	241.83
137.089	123.158	188.039
139.814	114.599	204.539
131.631	139.263	254.863
114.352	112.059	209.211
141.104	135.159	208.175
157.096	130.054	268.151
130.217	112.49	193.349
117.068	102.097	257.728
127.528	90.846	188.083
100.143	92.71	217.833
127.069	112.176	197.636
147.49	108.858	216.822
121.191	112.405	209.549
95.471	150.115	227.056
116.192	103.063	203.852
103.645	95.248	206.662
100.836	97.109	231.948
112.781	127.802	246.359
121.092	91.896	181.626
137.103	139.761	253.41
170.323	129.101	183.692
135.943	90.437	211.598
170.59	125.644	264.888
109.894	102.274	222.796
91.447	153.538	222.013
100.429	115.945	193.17
171.183	122.854	195.634
119.219	101.893	209.332
149.207	140.901	186.218
141.212	145.054	201.965
124.223	144.853	244.558
123.045	126.64	250.405
145.7	139.376	267.218
106.038	159.646	248.386
179.61	130.49	266.536
135.79	129.061	185.727
173.49	131.987	266.943
120.016	137.889	225.499
169.425	114.223	215.531
177.937	119.646	266.46
157.516	146.793	185.018
113.542	101.997	222.669
131.911	115.093	216.91
165.802	154.447	184.312
110.465	95.357	217.789
96.485	149.714	228.578
122.46	94.137	252.471
152.566	103.446	188.092
164.149	130.444	210.515
97.205	158.033	218.665
147.521	106.399	197.002
159.949	146.188	202.676
96.999	157.487	234.052
129.937	156.99	224.328
120.513	93.011	237.087
166.396	109.289	193.824
138.025	143.656	227.207
161.63	100.443	191.014
154.179	140.267	247.917
91.643	115.936	201.891
171.268	126.856	247.711
128.228	94.064	216.489
179.618	127.222	197.414
120.738	108.764	251.476
106.779	141.987	204.401
121.018	96.035	212.378
140.871	136.471	254.943
138.63	153.129	255.698
151.918	110.684	201.1
94.348	163.496	188.141
144.628	95.847	198.466
176.63	97.918	249.463
121.114	143.073	241.767
145.106	130.812	258.689
117.274	150.564	233.447
148.205	93.147	248.444
145.469	113.163	187.85
136.369	132.18	255.835
122.01	158.037	242.377
143.673	135.787	198.133
172.688	148.693	257.492
163.166	128.275	189.174
124.212	107.206	197.392
131.744	106.917	192.53
93.972	174.318	216.654
122.251	147.252	229.311
122.128	146.726	238.306
155.143	150.954	265.537
141.684	102.024	203.597
134.339	176.123	212.735
163.133	119.427	197.403
161.232	152.365	259.178
150.248	144.817	264.699
158.307	127.557	242.179
122.315	137.197	247.252
171.057	118.833	183.977
127.206	112.495	211.751
121.889	99.961	190.591
167.033	117.729	193.651
128.571	91.712	266.149
118.175	94.218	212.608
111.421	139.902	255.042
160.96	144.119	183.192
141.451	150.76	249.037
132.963	100.768	215.108
108.26	152.756	244.107
162.257	128.485	263.974
169.101	119.082	185.752
92.667	154.366	229.228
162.96	166.368	264.93
129.038	95.39	229.608
103.794	110.673	209.656
155.472	120.696	255.943
143.607	112.698	204.313
119.864	108.54	203.418
163.946	113.94	208.021
122.015	99.275	211.999
97.652	143.878	203.11
94.263	90.101	213.715
115.58	93.301	212.993
103.558	96.728	214.66
166.431	95.234	187.21
111.048	91.142	244.217
129.643	145.22	259.716
154.113	127.396	188.921
131.024	101.336	269.758
105.933	109.799	193.063
153.835	101.062	267.517
140.819	101.754	194.409
131.101	141.984	246.642
167.909	115.168	192.198
94.433	90.289	225.444
167.11	135.293	252.204
113.923	112.537	259.178
152.086	130.886	197.568
108.307	100.107	212.378
137.512	107.736	202.284
98.976	90.822	221.747
118.65	138.972	247.59
94.246	90.414	242.086
142.409	104.029	193.829
123.965	130.856	189.74
176.803	91.044	234.178
119.716	97.364	215.819
176.503	122.744	199.746
137.965	133.074	183.821
144.988	104.068	183.087
169.409	135.214	256.165
108.952	151.251	223.43
107.386	98.871	222.257
128.267	97.823	233.977
142.928	96.786	263.988
103.415	158.296	212.633
136.803	98.185	208.291
124.081	145.027	236.186
133.631	95.309	243.904
126.124	141.159	246.585
157.318	143.709	182.197
155.324	133.983	262.661
164.231	102.435	192.659
109.062	102.088	219.134
131.936	111.901	198.493
106.274	110.481	213.644
161.617	124.805	262.309
99.418	169.176	248.549
95.773	169.681	222.271
130.291	135.938	250.554
117.291	105.125	200.864
98.32	97.733	186.782
145.04	137.74	257.074
174.831	137.218	188.531
144.922	106.921	227.078
111.41	128.4	189.517
165.426	161.79	255.69
145.549	97.551	203.435
156.966	119.955	192.077
134.191	160.787	235.332
126.333	146.63	250.098
121.304	129.888	207.016
91.566	154.476	186.683
114.514	110.959	204.135
133.546	140.713	249.243
127.937	118.707	200.71
177.399	117.026	265.399
117.623	104.832	196.516
115.511	104.263	232.791
164.674	130.792	192.184
140.385	103.921	241.286
178.86	139.095	192.442
99.476	102.439	216.478
161.1	128.215	269.629
154.604	119.269	222.315
179.613	103.996	256.467
155.255	136.215	244.39
177.893	145.039	258.137
161.01	134.902	206.036
168.239	121.386	262.073
115.876	96.637	221.458
156.999	141.291	262.123
173.581	126.379	265.119
153.739	125.254	188.663
151.075	135.725	181.675
92.005	92.34	190.756
166.171	122.677	198.524
133.856	97.768	200.768
132.554	107.305	265.957
124.366	90.764	240.212
151.001	122.058	207.365
148.567	134.636	259.854
93.573	116.581	254.962
169.151	146.45	259.491
145.238	99.895	215.545
178.731	127.8	253.858
124.125	157.387	231.39
116.041	101.504	196.469
138.374	144.197	254.583
128.569	134.11	250.392
178.907	91.549	263.466
146.878	143.582	265.259
134.79	102.788	203.759
158.557	131.067	187.551
104.274	162.85	199.963
147.9	142.789	258.025
100.594	100.192	202.295
127.379	99.328	220.936
112.839	96.45	220.467
167.25	123.737	194.423
167.47	134.665	242.739
160.875	118.14	189.306
116.467	104.308	213.732
156.741	127.356	190.215
92.291	110.83	261.367
128.464	138.746	231.492
120.205	103.278	219.189
177.981	134.102	267.668
115.69	105.931	222.378
125.328	109.289	209.529
109.543	132.623	256.539
124.993	134.621	250.641
164.643	101.204	182.763
143.412	140.459	242.868
111.267	96.774	233.359
165.119	132.766	186.337
90.637	106.627	216.511
172.414	118.498	190.674
174.501	123.338	263.867
102.319	92.899	208.373
102.102	96.802	221.085
120.631	100.809	220.642
131.497	112.433	191.305
125.394	145.897	239.669
103.591	96.114	207.722
129.272	98.233	218.97
153.242	137.538	180.827
165.19	126.817	182.063
128.761	150.49	244.006
105.911	148.814	183.642
126.267	141.408	238.847
117.467	95.743	214.586
132.862	120.136	193.211
145.565	106.201	249.908
105.464	146.886	229.695
120.79	99.085	196.238
120.988	98.655	216.086
128.607	147.223	256.794
157.499	131.144	269.599
96.012	93.55	235.299
124.059	139.266	228.009
101.753	91.81	224.265
116.277	98.645	196.985
130.019	93.312	216.646
133.642	118.538	216.014
99.841	161.452	198.381
121.839	153.624	234.856
130.156	93.3	227.471
126.132	117.036	209.81
90.431	94.953	238.872
98.781	143.342	225.059
170.016	124.899	182.304
168.629	149.222	180.596
159.436	134.971	258.574
157.238	118.801	194.332
160.205	101.715	199.46
118.585	149.469	218.234
111.083	98.093	218.83
124.616	96.57	217.231
154.618	110.885	266.185
144.977	135.383	268.44
93.356	99.831	215.218
111.44	122.186	267.624
174.74	118.548	191.687
116.956	131.274	198.754
152.704	98.666	236.334
135.641	107.106	202.361
148.032	134.439	266.91
133.716	153.933	269.069
131.414	133.521	232.725
157.843	130.762	181.901
130.956	133.625	253.561
163.924	135.695	202.218
118.307	121.949	208.422
132.606	92.234	182.931
141.871	155.922	247.532
121.084	103.622	209.183
145.983	149.642	257.255
139.575	151.994	247.851
96.265	151.901	265.257
177.369	115.736	184.793
162.567	132.176	184.535
138.383	126.225	199.644
144.45	139.001	260.568
140.146	135.665	267.926
142.258	124.402	201.081
172.677	122.033	187.312
105.491	106.414	227.844
157.087	128.38	190.624
158.483	134.894	264.391
98.633	100.32	180.115
129.958	98.416	212.018
122.542	141.377	251.043
120.213	100.896	219.406
90.129	149.752	219.376
96.265	102.826	195.634
108.908	115.251	211.911
171.032	109.207	191.088
109.856	157.147	207.387
142.832	101.465	241.229
113.196	151.727	228.558
146.378	143.647	245.129
175.004	108.932	188.506
136.91	143.544	254.355
177.737	120.733	264.402
137.591	138.685	265.839
166.956	94.546	262.529
132.697	106.625	195.326
142.019	91.663	259.31
134.688	144.723	242.951
131.211	134.102	266.319
106.225	91.619	240.619
121.361	104.727	213.877
114.778	91.392	227.819
90.805	156.098	241.484
104.085	98.072	204.731
148.724	137.007	260.793
178.945	123.313	191.907
101.259	93.569	203.778
153.5	127.784	186.677
149.803	119.165	191.396
125.545	97.005	214.147
134.447	109.156	198.213
92.922	143.535	206.217
128.47	116.511	267.976
93.527	144.741	195.851
160.562	132.467	201.732
138.99	152.978	242.168
90.928	152.695	229.907
99.204	153.171	262.625
143.898	139.594	257.049
178.077	145.654	183.01
104.14	113.972	207.395
177.83	133.605	269.316
133.024	102.774	191.693
141.201	131.332	262.727
90.077	157.301	236.606
150.108	135.485	183.856
90.541	150.972	229.857
157.222	144.835	254.08
138.959	140.492	256.558
160.144	97.834	201.377
125.289	146.21	258.533
136.218	147.2	250.164
115.217	171.973	237.534
147.691	150.38	247.549
104.618	94.418	208.615
98.226	140.726	228.201
179.058	117.411	187.976
131.238	145.978	250.177
148.282	130.794	264.199
104.906	137.941	266.193
95.493	96.925	224.268
108.966	149.524	237.578
155.86	121.681	190.643
170.535	143.248	186.131
130.615	116.438	189.811
166.753	119.854	197.139
127.173	100.873	230.923
136.68	112.981	196.639
179.371	104.296	210.084
149.663	140.688	184.364
129.45	122.165	205.747
178.816	161.006	203.13
142.741	151.875	263.869
95.301	176.046	240.446
99.416	107.338	240.569
145.005	92.713	206.308
132.194	102.409	213.246
166.121	133.813	264.13
127.044	157.487	248.167
104.964	143.724	232.827
150.984	126.056	186.554
120.128	101.854	216.481
96.988	90.065	241.042
100.358	96.049	203.484
153.569	121.887	183.67
178.761	132.119	254.399
94.04	91.247	257.887
131.554	119.88	206.747
		
		
		
		
